Spectrometer
LDA~G40090222
5.28781311081789
5.28781311081789
11.3126150263684
12.1366245914409
12.444697519603
12.9833296370395
12.7317410421201
13.0584214829541
13.9268298110213
14.0430741893612
14.24472918738
14.4026019728184
14.9778484961184
15.0347610664258
15.4924755800298
16.5457277413963
16.9248258552111
17.1560028213313
17.7140336521353
18.7889782700967
18.0950743427378
19.1934759468735
20.1604254835217
19.1856790606875
21.1116977380197
20.8376366596749
21.8826631896445
22.3163883469675
22.9418154720895
23.4880800800265
24.4131321326903
26.2656292849355
25.9180722559894
26.9272026414235
27.6405739638497
27.8984626423169
29.2070865413135
29.786830164739
30.4662774332572
31.2877616599777
31.9917554317875
32.5014503559988
32.9532632597087
34.3682457027535
33.7304053130468
34.3710003451749
35.8843903661045
37.0172439993482
37.3297018987043
36.1544931831962
37.7597718298728
37.9720793763788
38.3872815168085
37.4275405905248
39.4514821683771
39.9414901803594
40.2510048446316
40.0908451144087
40.404835006725
40.0020111479617
41.0760283482777
40.9658744682431
41.4268308703136
42.4769327322858
42.2056881231723
43.0554055968552
42.7308529062606
44.3666026510672
43.9520220775501
44.2851933924125
44.119775606414
44.9599245625559
44.8736638870564
45.354666436855
45.6534583579503
46.5179542180071
46.8781984272515
46.1514508548031
48.5104174743527
47.4353614338979
48.8367387325234
48.5463602613499
49.1914650858279
49.5493364797542
50.0878823578249
50.3069998996653
51.1642840047391
52.4210781237787
51.3794721179822
51.4010539156354
52.787526836623
53.9951008221262
53.7151368657248
55.0202146456329
56.2984035991127
55.8117002887501
56.7655291128942
56.7595429517153
58.178038038621
58.7916848898852
59.6245019623129
60.4976991175064
60.1053231848289
62.1086922938376
62.4953784127369
64.3720180735128
65.8275508325314
66.3233766171757
67.5054319322233
68.9707262704058
70.0740765831496
71.1665621093491
72.4052055881674
73.2753239256244
74.7204442206846
76.1349409025135
78.1406800689946
79.9177582509933
80.6199937392011
82.8654051462831
84.6065743711197
87.5370260553391
89.3263938841428
91.1573789845072
91.749479319087
94.887415362203
97.5445255227786
98.9032803113872
101.573368250162
103.474750626347
105.727792632069
109.52736171229
111.384634141228
114.796464747064
116.99115532556
121.128139011286
123.323487967089
126.531779446962
129.515570126462
132.922796413991
135.044405328343
139.946676470805
143.211841800309
147.856210769344
149.696959761323
153.147562987934
158.732479658324
161.986693111875
165.4075937811
169.055264703929
173.293880696332
176.664442627845
181.466265668378
185.519789911429
189.762102441648
192.418984267802
197.426400122262
201.023660044164
204.240005001294
210.760941005371
213.584885122323
216.744781807743
222.394383307497
227.410202106531
231.511813743691
236.713408865081
240.518925841016
245.008564764622
250.292479333882
253.321681113119
257.418312837729
259.874443235147
263.856307256671
269.548091676709
273.092487961872
276.218982108625
280.127987532438
285.190578227407
286.478203504228
291.389799231106
295.902991821318
300.22558191138
304.72911256835
306.614084561466
308.521323130745
311.813110039574
312.976230365484
317.456903902262
320.471486258072
324.953092896594
325.675608158353
328.894250277683
329.247771672491
331.862315657273
335.845320428566
339.302234417207
341.416144016849
342.678747766579
344.835969778175
346.931301874718
349.530542526974
351.204599921842
349.978959976842
351.733395411111
355.349299427514
357.056187630948
358.213986690336
361.803939268378
361.889221309212
362.162621071882
362.696983221599
364.889443036425
366.641303673255
368.147841246762
366.869023729648
371.326557432432
371.126887426027
374.183910489863
375.187894556151
374.535076223492
378.494635464863
376.903500495228
378.635969551776
380.781272428291
382.299561781603
384.767569256703
385.846651907122
388.023849594242
389.485549645219
391.428010982672
392.868690019393
394.237771556179
398.873890258891
398.082999074492
398.740137030239
400.813014969057
402.929079895621
405.380598491457
409.042929139565
410.269810324164
410.360384130352
415.389428543178
416.956280969187
418.198542507083
422.676506170784
423.32150601343
425.482239473076
429.797234651687
431.11630779825
434.706864611169
436.736081760711
440.706491170815
443.952514844693
447.855306112468
450.281385350782
452.358805891723
458.098466618623
458.201999314545
462.51057165618
464.933292479117
467.383047263173
472.501524260359
475.358054072226
480.080184273818
483.093921217952
490.703856793897
492.185183464082
496.239481980777
504.566529689492
503.565875757055
508.43603246074
510.665538544182
515.210326956184
517.002350813984
522.402098516445
524.83025659432
533.674708721719
538.959093015333
541.839777661754
547.458337994709
551.048477888156
556.417855341699
559.892445423867
564.22760331197
570.762008104202
577.28748008516
579.524130109012
585.947481658981
595.034579593079
597.27255236994
603.335458518941
608.321958071072
613.816606262487
622.826248905449
626.056890516277
633.568749650619
637.31456809698
644.443960142816
650.951520138363
656.713983397488
661.924369097664
665.745565279748
671.404686142334
679.013351086147
687.262252399975
691.073222293876
696.22229363961
704.642034678087
711.473094844224
715.566771957133
720.544540680511
731.237019418315
735.94573809468
747.012438123128
752.469240075637
755.47437491996
764.05235768769
769.043420392795
777.444188944274
782.04601294732
791.309378838728
796.028951848302
801.778920920746
811.13992450604
812.814787134252
822.649992297046
827.33626694078
837.164920995397
843.469882137112
849.731600986518
859.877978910661
865.365092924838
868.417257534285
883.154219324849
884.065616846525
891.92241113241
896.393831530411
901.169318480664
907.48443009249
917.550121852661
919.645573181381
922.283610510468
932.330450584669
940.493332749798
943.644821049527
948.776584741626
950.909031053468
957.327520851576
962.714855674538
965.709652876646
977.525057136969
976.708152693596
980.731191032022
987.562107418933
987.567476325864
995.122694046864
997.414595985805
1001.65315357839
1006.13473309518
1012.9587407491
1013.54963120321
1021.51391583764
1026.83055109609
1026.96582674138
1029.12663562813
1035.6412331167
1038.94354969671
1040.99428835288
1044.31940234991
1047.38784156205
1050.1255991398
1055.69489500785
1057.96568228641
1058.084850501
1060.64015972495
1061.40831702247
1065.10668280852
1062.84966794546
1065.73710612201
1069.6831168989
1065.92476567013
1067.64274851588
1068.3022487462
1070.40622526109
1073.36164918385
1076.35173845622
1077.11403742053
1083.38372933786
1076.29089277807
1079.52248138286
1084.50664798254
1083.44733714889
1083.34802167061
1085.99201751115
1083.33117094087
1083.33423867079
1078.82970867483
1081.97335588995
1081.41778446983
1087.25110988848
1084.99962829755
1084.41106122319
1086.29983806009
1088.15531229474
1091.35182498366
1090.37981974591
1090.00796271231
1089.96134835928
1083.5758387163
1091.61894061551
1082.96374498293
1089.0840659187
1081.75619777714
1079.97903278341
1085.02636741612
1082.74622072594
1083.19345356098
1078.29791305528
1084.76598036727
1082.08294697681
1080.78133102641
1083.40481894554
1080.69116010052
1083.82411007346
1083.6799446231
1077.25310032046
1079.40857262944
1081.12456265262
1085.67471187262
1086.41614931045
1081.86207625256
1082.02667874761
1081.5972936804
1080.5207671173
1083.3165237914
1076.14932303067
1080.55474445285
1085.27054421123
1084.25568410473
1078.34837243729
1078.52514361576
1077.7272982686
1078.718037779
1078.20514218405
1075.89519132734
1079.87366728898
1078.5481522483
1080.4547893349
1080.5519601283
1082.32774294101
1076.8405741244
1082.82021698738
1084.65217105573
1081.76232868746
1083.81947329917
1086.56439252745
1092.01342720477
1093.0444053211
1096.19386540828
1097.08856494032
1104.73599214724
1108.12159823902
1110.51265505167
1113.22706043733
1120.72432477588
1127.22616711502
1126.78381077604
1135.11979850599
1139.01107364792
1145.08892052962
1153.84912508217
1156.70415841066
1162.55598078167
1171.38527423873
1180.47930210193
1193.07291284372
1194.51782912525
1203.57705633499
1207.83086026943
1218.545744057
1229.01123019054
1231.88302422338
1246.5329324158
1246.22103424631
1262.76721675334
1268.36038929751
1270.71447937375
1280.27719806612
1291.74750499401
1300.47195594905
1305.9201960173
1311.01364411684
1324.636931115
1330.02842027941
1341.64392273753
1339.46909379271
1346.99751043279
1352.83174245207
1362.53084163295
1364.36864131368
1379.04097995482
1381.73082472889
1382.43696689159
1389.49514372777
1388.73575315351
1397.47089330111
1405.60639350006
1405.15080414256
1412.73821912226
1413.42173047642
1418.327794067
1425.34691458144
1428.83561371103
1433.30138410066
1437.04739228897
1445.89864437878
1446.7377612564
1454.78225259823
1456.22874873049
1465.88195915697
1466.97852831163
1471.32423613323
1480.33710003459
1480.76004029803
1490.55042359999
1491.52273671418
1501.15990114439
1506.50825427188
1516.82924580125
1517.36385668731
1529.12858592162
1526.33043865258
1536.09805010126
1535.41560005436
1547.27249607662
1551.90377045967
1564.14014883419
1563.13276687001
1568.50326587476
1581.12557655745
1584.12895970005
1590.69949707949
1592.71301251449
1600.85217448042
1611.24149355215
1613.55844621311
1618.90847549574
1622.29815911848
1629.24823760974
1632.89462566036
1639.91394769979
1653.43668879945
1657.38464987299
1665.10234023126
1671.32841578685
1676.75167283339
1676.67828392529
1689.80119415155
1694.23675794369
1694.6444716474
1697.92561455661
1709.24220055471
1720.72133220774
1723.21418474681
1731.50503303207
1734.68907321656
1743.59293091622
1744.15238518503
1759.70109627082
1764.26355473444
1767.41515637622
1769.03635204498
1779.50030082754
1786.08904828454
1793.76922970711
1800.06557457577
1800.35354756218
1803.78061734809
1802.81199778982
1817.97124219942
1826.68290264001
1824.31791419936
1829.70047636911
1839.43279274671
1843.29843215769
1846.941272958
1854.20960262465
1851.73971814495
1860.7910953292
1865.57301267508
1866.11408820743
1876.56455108105
1885.2381510602
1889.46643726821
1886.86925812076
1903.36318099592
1905.35436658278
1910.7939575102
1914.22499562259
1923.58051924728
1928.57809191068
1941.43449274098
1950.3769716525
1960.53129516028
1965.13649002375
1967.9024090005
1980.98308594457
1992.33838596366
1991.97630547735
1998.56396458629
2008.59478857377
2009.54374703558
2022.62544547834
2020.40946639185
2037.89184651091
2041.77829630574
2053.94665535713
2056.62031579141
2068.69673172154
2061.31363544934
2068.05874701797
2080.92789801523
2084.34796810897
2081.89989121369
2072.96874315514
2093.44201531532
2081.95280643212
2083.87109376735
2088.86799785038
2088.83697677248
2084.17524562447
2088.9726506834
2093.36887752447
2098.03661923773
2088.72563012958
2090.0895929709
2093.61980769447
2085.50227354031
2084.53907230417
2079.63018391723
2086.65014963117
2091.55019671442
2078.29596260166
2086.99080018447
2082.0317927008
2079.06606520881
2077.02512378293
2068.97193666068
2070.57066106211
2059.63854315116
2047.00375707967
2056.15670146566
2051.40197627516
2042.37816041544
2049.66336555209
2048.25276832024
2038.12207372893
2039.19613842187
2031.13547876026
2030.7366523993
2028.07209308193
2028.58807999956
2026.75329938489
2012.2251350702
2008.31502602251
2001.99885728614
2005.27562449859
1987.01762442034
1998.43570576179
1990.85984659904
1982.6404737436
1980.55046055208
1979.18787702541
1972.17640168774
1972.23229828819
1970.35048866031
1966.20421931105
1958.0003429324
1957.89011486358
1950.8385823637
1953.74033631037
1944.77564932081
1948.99010146834
1933.76991894753
1941.61087692204
1934.74217830212
1941.04370915449
1923.26425400855
1914.62213466991
1910.09364296891
1910.46512391832
1904.89313569101
1901.03922318546
1895.9230595224
1893.31358534776
1893.08340576324
1876.3935452958
1882.01757602781
1882.24258623513
1868.92243369812
1868.83870678564
1852.10645863942
1854.22897686997
1846.71905096859
1848.01341312959
1850.92036686373
1829.00135564174
1840.40494999243
1832.17715701805
1831.75433117005
1828.60743163812
1814.79852233376
1811.62732651206
1813.09704675226
1804.52386507867
1803.97157079883
1795.93315743619
1792.1642948644
1793.639112854
1785.88799684578
1775.35506055374
1781.16338736176
1774.36952791137
1769.40618487664
1766.03644653958
1760.46153119081
1753.55929432251
1755.50215351915
1746.75189816718
1739.55546643598
1751.76970150728
1740.06861746293
1739.42845658439
1734.20657349001
1725.24074476066
1729.51240221017
1723.64972268803
1722.26606998718
1711.03231247481
1707.82872546765
1710.71078925065
1699.26420745623
1698.56952544235
1694.02287182139
1693.25852180629
1690.86511192392
1676.88502899247
1680.46323119914
1672.24854922637
1664.36750259998
1667.78041201473
1665.52772607415
1658.85936992761
1654.51259678008
1646.238570549
1637.16517296619
1632.57797292341
1634.99146413825
1628.40661373057
1626.83038783217
1623.59558572888
1625.03503190048
1620.31602452678
1618.05522605632
1621.78760826888
1614.26570135777
1614.17147269036
1611.68568246385
1600.47128111583
1601.94172090146
1598.26618411786
1596.80408106778
1592.41915031799
1595.46511235285
1591.76706172673
1593.0423907208
1593.61778364757
1589.57280872032
1587.25522498489
1592.1004024613
1596.44533678108
1582.8207368633
1579.72884373366
1583.21393217423
1588.22985889854
1585.07115769096
1581.1519682709
1576.11288425415
1574.07543293192
1575.02024930063
1568.5136527496
1566.99615337724
1553.99855272301
1561.31516682682
1555.82834331959
1560.43749443415
1558.06340614807
1553.44160514447
1554.18109888552
1551.79263069416
1552.38167229881
1548.39295161143
1552.19591736488
1545.77051967126
1551.47004685174
1549.83612648712
1549.56349907909
1546.87670084244
1548.84492786502
1542.4304789726
1541.80861246743
1539.5924460628
1541.01843763315
1542.20568538699
1537.05541689538
1534.64708541283
1538.30767556594
1539.71883690477
1535.50078215579
1533.74301970138
1532.9488858219
1530.58864350845
1529.16834414679
1531.16356846091
1528.78308238239
1527.17889181235
1518.46148806726
1525.49568127958
1525.12383625405
1523.14460729463
1528.52631405213
1525.43141413612
1519.68727567542
1518.22544850904
1524.14211067102
1521.48317496136
1517.85780120194
1517.03975541345
1520.91737362542
1520.16233283073
1521.59223940199
1518.6309494727
1515.95682063882
1516.91549079313
1518.43593906297
1517.40621033113
1519.65731923783
1521.41739309063
1520.82167130975
1516.71290125801
1519.19131957849
1515.43449116042
1524.55881762586
1514.71517786864
1521.58273079991
1521.61105157348
1518.0040927824
1525.38952485191
1517.54575409313
1520.54895034938
1514.23962391241
1514.23916802799
1519.27939643305
1519.43903567891
1516.31745802798
1519.31701967639
1515.77512578161
1526.71588534212
1520.79873004722
1519.039612676
1524.54762226935
1525.99303868015
1520.32085556271
1523.70009770442
1523.37924471939
1508.52224477224
1517.47720599034
1516.64273825139
1526.01372514496
1527.60393201767
1519.96983770733
1522.81320603418
1530.48577734136
1517.52863732043
1523.907399951
1529.91291664071
1530.8185599107
1527.16333295324
1528.70858454202
1526.67281672013
1531.04407633134
1534.34594049977
1539.75947823046
1533.80108264605
1537.34496995271
1528.24324841526
1532.64078308253
1533.81370506113
1534.14136871212
1529.17690003519
1538.00695380799
1542.18485508085
1531.33370709355
1533.62008305071
1538.90649577535
1537.97319148143
1535.68509245296
1536.95305019288
1537.16924039379
1537.6305359893
1538.12585299013
1541.3180588199
1541.22683491522
1542.10351692141
1547.21900553348
1543.21954959249
1540.14770864876
1545.85556276905
1545.58066262412
1544.32214947574
1543.07140890968
1542.19212205608
1544.82837563629
1542.24410999342
1544.03793181935
1550.93553841729
1547.16520242218
1538.77974655029
1537.84657051381
1543.65747990641
1547.39481860084
1545.203183791
1546.77425858267
1551.89805832847
1553.6298648335
1546.72091171704
1552.54855331577
1552.09383109238
1552.74790384662
1544.97595573762
1543.04241086719
1543.648827438
1544.15585107264
1545.50517138251
1538.14931036299
1539.87382331932
1544.04027928058
1540.06113600052
1537.09321844502
1531.71734806035
1531.07235833006
1526.36870621213
1523.16210188398
1524.84397376074
1533.18097927064
1529.57887440766
1523.9244173593
1533.86059009307
1536.32966042632
1527.13478679603
1530.05620127122
1529.99635819135
1520.62522759772
1527.84844940805
1523.45202657322
1522.74602769377
1521.50754802677
1524.59205413889
1527.76436960835
1524.04244559884
1524.80275730518
1523.95740676791
1526.59957317458
1525.83739418358
1524.81034278653
1531.30082172301
1529.62964231712
1522.13756271961
1527.50955228271
1533.69827238026
1533.02019228835
1536.67353389298
1533.59400549671
1531.43022667544
1531.55948187334
1526.533648595
1530.72627646847
1527.2514937175
1531.87697604154
1527.99335332267
1528.05725415328
1531.36330719457
1527.59130691141
1524.02216889657
1527.51620253524
1518.11319883387
1523.25093558745
1529.03642037543
1522.47933238048
1519.45454528913
1524.74846096684
1518.0737512253
1518.34856991034
1513.42017757911
1514.99293452845
1520.92110475
1518.72376020289
1515.82735559462
1511.84284063308
1512.3990562983
1511.95717992108
1506.19260090846
1504.80982020139
1496.88914423779
1502.78311651853
1497.80102252908
1494.10067099727
1499.13199258545
1498.43309967626
1497.01310184096
1493.05838508298
1494.83077509687
1492.53373020194
1485.85871075242
1485.8778347239
1487.64656459751
1485.93284726379
1485.09966446386
1478.76033439642
1478.28989206133
1473.00663205038
1472.26365454982
1467.35877492203
1472.76548020208
1472.10434154897
1466.69813693671
1466.92682964054
1465.62040871767
1459.95519468906
1456.16292760032
1459.29340755395
1455.54259894931
1456.0377420478
1452.05634212181
1448.89623934518
1444.26460483028
1441.4934175626
1438.05314920496
1433.23134839905
1432.67633049679
1431.49361957713
1429.41593363395
1423.22173751339
1424.1362561895
1420.24115656542
1416.87559759655
1420.91514069257
1412.52004717544
1415.10221372872
1400.03484352178
1406.68261451842
1397.45150685041
1398.50028845627
1386.37401918007
1383.4520861101
1385.73893902251
1378.24167239221
1378.36358703972
1377.12202239666
1374.28046604782
1366.39181179152
1369.09303101237
1360.69357611271
1355.53407565683
1356.26405396843
1352.09279436999
1348.24506724357
1352.67840321156
1343.82859943566
1341.75421817797
1336.5968195697
1334.90515812468
1335.22068536018
1328.98341162674
1321.61163760751
1324.01357324516
1318.0373301748
1320.12755383218
1306.82112702484
1307.03173703586
1303.43324914716
1287.81834623639
1292.87196022866
1291.3544818495
1295.61984660078
1284.3483714986
1284.46003967443
1276.23752123234
1268.00062359488
1267.19225804962
1260.30703342849
1258.10818745165
1258.1731157528
1253.30361470036
1249.85856681564
1244.44803375266
1239.98726675789
1234.19608485524
1231.5110408967
1230.04876583635
1227.53774622794
1223.83664412572
1216.68573211988
1208.99318659006
1202.99187629086
1204.71202140803
1197.60596821131
1199.70305672958
1193.76170817851
1186.54673586544
1178.67259702282
1181.26138253608
1176.41903400083
1172.36992206964
1166.28267588033
1162.45590098586
1160.59287180718
1153.80365429022
1146.98803868883
1143.71010521868
1141.58248757893
1137.16206039669
1128.70827721853
1126.35795292995
1120.90320758012
1112.47164284451
1120.33534629115
1111.85593057204
1102.73987918652
1099.07048875305
1098.39622257446
1093.39636872857
1087.05883520434
1076.72632765993
1070.80580596373
1067.35367733616
1067.6825273464
1054.92858863479
1051.4770239351
1051.04285047415
1046.77475315172
1039.6817714198
1037.7162842461
1033.17272600694
1031.67054685408
1029.31616233621
1032.36279895226
1039.39270184245
1039.85546712762
1043.19419332707
1045.24463195352
1049.82758960658
1051.99074826553
1058.32824900631
1069.12138549861
1072.84999682472
1077.94566098373
1080.74005550893
1084.55907180775
1090.36454721614
1091.37697779856
1092.33886576121
1091.70400923613
1104.04511188963
1099.638569693
1105.01223182332
1107.81960950341
1109.01064502159
1110.67808312538
1110.47800160426
1113.1217181134
1118.35988455432
1114.46574240649
1114.40816666992
1112.60521401913
1106.96563150859
1109.14925586331
1104.4746839286
1103.46937221938
1101.68646901705
1099.39102025807
1089.78707389958
1087.77267627917
1085.54417907648
1078.40754230474
1074.4064477095
1065.51375244661
1061.96686125518
1055.83691356799
1053.85052457351
1047.619509441
1041.27352428428
1032.49205366878
1025.94889123147
1016.91657348921
1004.42624023665
1002.79423779625
994.314069823664
985.543146336568
979.148350763819
973.474176350842
964.812547945948
957.616473023385
952.252446309451
944.876917183776
937.565817045703
928.936659123151
924.866854499375
914.151244479007
908.065235226375
899.146272791526
892.478301305551
887.638035445535
881.153776150954
874.975100475157
864.263383574894
861.646068335554
857.38290584914
851.912238633324
844.448728316602
836.711396469633
831.058030150613
826.367864571946
819.583353634625
814.797533843186
808.392088811923
806.045269163337
798.287355021969
796.713256109015
789.409739150861
783.303339796576
779.058603793911
773.334086496912
766.23256332841
761.085435432438
757.07208566699
752.275916775797
749.888827526043
741.330233677602
741.621002866494
734.606169789366
729.321305263667
724.774808471582
719.711651844462
716.811367632215
714.244000494409
708.343191425374
705.398851761923
699.348288305773
696.1987091164
692.040923870198
690.70327100251
684.55464401878
679.476764727466
676.695453344683
672.720646616879
666.970050789487
664.137231611201
660.240036392707
661.520911403253
654.186156667692
649.392420675089
648.037726453304
641.363843762965
641.029855667961
640.231036928028
634.308563477057
627.503135011534
626.528645826716
623.713913366429
619.326679009174
617.469046786054
611.963948057873
609.183733340879
606.853546444828
604.469526575778
602.064058438636
598.002467917705
592.918378435953
594.397833725972
588.321101492928
584.257396258407
581.948932873611
577.441555637075
578.330433352729
572.274851663446
571.302557624076
573.353709136942
567.432897560511
566.938895279593
561.768634086221
559.683376256446
554.735034803786
554.620990790795
548.884060012527
548.195487681967
546.542563108917
542.241871297106
540.650883278284
533.59093296958
533.80212886621
532.297661889743
529.375966461936
528.112599334909
528.006717179813
522.944048196984
521.245602148532
521.278067620066
515.422827254894
516.462258532847
513.278381483593
509.589890829294
508.323409658699
504.92413093623
506.339631581461
501.341794638967
501.110066848071
499.087003844684
493.450683624532
490.854462520342
489.258250635631
488.714166449542
484.134133372159
483.627940423245
482.67748407972
481.095803953224
477.021256392048
477.105049020612
472.924289304721
471.765110207731
470.553420282436
466.900420706095
464.679457166635
464.550948642889
460.97210000107
458.83345561812
459.432842629505
456.965942210235
454.802193242783
448.576195705737
449.804158650705
447.810672859327
449.965951571353
445.917431849915
443.250818654329
443.855590052432
440.349342569264
435.966607294265
436.555243196955
433.612803570288
431.551758172911
427.536505953006
426.878212601748
422.138618701575
422.221311343939
421.019677006765
418.908061897853
418.216719314142
413.999830403369
413.63548592234
412.901932230715
410.24998571069
407.915563376287
405.900284956027
402.553167262443
402.032692962415
399.087495568673
396.880421130038
395.741814255455
394.058785372749
390.821847689719
388.949380196807
386.824210971059
385.790916534342
381.463457407038
379.519166050275
375.3653127156
372.109143094746
370.86361314607
366.998265245754
365.485348581254
362.803086583204
359.771256200499
359.79824954919
358.644973591656
357.896093007798
357.596541408355
358.775609075425
357.86185539908
359.160020898842
360.345077717706
362.668075553505
364.90259500731
364.939976393482
363.113933164681
367.204397594348
368.702875834983
370.355027785816
371.19840051914
373.744130270585
377.294373782383
378.329983142085
380.771489051958
383.735521960114
385.948051345749
389.75001071079
392.440597737119
394.119630120315
398.857985724498
401.927044138919
404.309795355067
406.347914039357
409.6888149347
413.403744824421
413.694042161465
415.104434507388
417.581570722676
422.330929452936
427.32503447584
426.901485648935
430.932549497468
434.485444910686
435.06875058742
435.625199429434
438.495600481566
440.289287689709
438.749798163481
443.479798106942
442.205849301908
442.019736232096
441.475896317611
443.150810354406
443.082531042902
443.15729076566
443.354752927128
439.620547766055
441.099306813581
439.147676403419
436.157654300394
434.847108158634
435.422329340868
432.993500951597
431.771929466996
430.620620670207
429.631704484424
426.845774402282
423.881025393216
422.41972609861
417.837625854145
418.337660950779
415.644032826857
412.433951791578
410.402494264307
408.255766674913
405.0740391786
401.407189625392
398.808201727521
396.614229147601
393.993020947244
393.242103152617
391.175423420666
388.015982743526
382.822371355277
380.944596683437
378.503783909452
375.324790370771
372.290683524445
370.73450042465
369.723170246501
365.087026934664
361.770899537751
361.25927873983
357.26704524325
357.465152191717
350.303617490463
350.693077859576
349.615800879691
345.271100821933
342.456319451143
341.150586505299
337.398231750082
334.500967061881
333.078177641112
333.000744652635
329.169151302512
326.357088643263
324.336287198616
323.761339696398
319.034430862783
318.372536721751
316.291610047796
313.83512166601
311.060029550366
308.678152100198
306.594170447808
304.111310018671
303.037482238158
300.375906480025
298.26246243944
295.499489994058
294.046803544975
291.398978133505
291.634903048184
288.231630073426
286.979162632051
286.022731940777
283.735822938016
281.950133934081
280.45363135021
278.489407883719
276.657533320912
273.367594668209
272.571572046772
271.757951265373
267.478990523934
266.431480569128
263.593355912714
263.134101106349
261.604255466806
259.006132377079
257.585913025834
257.042503520439
255.350610903616
253.910783443825
251.96731262357
251.260154013332
248.258140066713
245.270069470008
243.413008515255
242.002423418807
239.758814418526
238.228344293512
236.514175660567
234.837542558686
233.978457997015
233.633665151184
231.410320154187
229.237561461451
227.952199463841
225.488504336976
224.57845387438
224.187772303417
221.48568069632
219.99828484099
218.084828004679
216.645518821653
214.853932918929
211.495862227412
209.745041449227
207.722564197525
206.169283260613
204.631338524761
204.246358734767
203.31398824022
201.609101953506
198.433587886905
196.829187024105
194.942038376872
192.377926832732
190.851370137277
190.907574921217
188.684541717306
185.525026306667
183.425422777919
181.328548555892
178.373499546631
174.522743027009
173.857514121878
170.500986857268
167.932736102034
166.666143033293
163.140797157763
159.648607619591
157.937181388298
153.296896088643
150.960751212485
148.63721463024
144.806433766431
142.729016596262
140.67468975377
137.779130892449
136.197350563696
134.531002774411
131.376606701805
128.801731296776
126.226980604601
124.772305113327
123.039823428202
121.378379430343
119.205661328905
117.865581852899
117.128392837313
115.540671134452
115.118593751684
113.615245632626
112.715442562721
112.287232748842
110.707834389873
109.843378908697
111.106473936468
110.733645042502
110.218300973714
110.651575265343
109.781122130762
109.288428432777
109.882329506971
110.451352379292
111.394029829876
109.833160749987
109.612336719054
109.629837492978
110.948546938092
109.317541112437
110.319065013063
108.583428027433
109.215699706963
109.970036425197
109.238468937116
109.643379719899
109.259220527481
109.038742015182
110.712726249149
110.416743850447
109.687805994563
110.600374921483
110.101354402522
109.422155999951
109.258565511015
109.03302125144
108.986544809151
109.3896672916
108.736781422837
108.841224070256
108.858691311524
108.79259578411
107.798755011829
108.10671966267
106.832957871406
107.036146975572
107.476008277354
107.487073350145
107.079218383371
107.586208459611
106.042499699414
105.791214322039
104.970601816739
105.390943822954
104.477922818992
104.714815363195
102.60768547882
103.629172482186
102.412896615208
102.405358373169
102.318469508931
101.500317284671
100.926398262664
101.014119534005
100.031308368287
99.603576021619
98.9584325087893
99.5699971738762
98.3232956842575
98.2838427582576
98.5783024304494
96.1193296575605
97.72325640807
96.6900879147434
96.115620729062
94.8940013743187
94.5709482057454
93.7277809770482
93.4775235591219
93.31564407314
92.8965259281664
91.4953022403919
91.0700277544936
90.6445567030221
89.9834917400221
89.7582462835722
88.340546140668
89.2549668543781
87.4615871365371
86.9848867192182
87.5106002649679
86.8335685436379
85.8593449599755
83.8684484575236
83.5652326444936
83.4378108995976
84.1234339548442
82.553971652911
82.2950047635652
81.7274122156959
80.9298798482804
80.688719411664
80.6039542457634
79.5794677917772
78.7027811584523
78.6711232420848
78.201129161099
77.799119775391
76.6555069492946
76.6424264999795
75.4260004694416
75.6769417565478
74.813954762717
73.9409777977099
74.4022734205208
73.9865481350348
73.9077489298935
72.1263473030938
71.4271244271805
71.0998207302344
71.3460338258301
71.1877433119946
69.3945449259886
69.7103111287937
68.7920455578127
67.8752210720579
68.2250987647653
67.592520589151
66.9161574425854
66.2666979856145
65.4441097322107
65.3968755428868
64.7227951854446
63.4806453687757
63.7279549898483
63.9570874096172
62.1904089778439
62.5140390728219
62.0652182424667
60.4905847996809
61.4175312140836
60.4149097104176
59.9185705352862
59.4645281021093
59.3391711080685
58.6684753361269
58.2148204073717
57.8168601401836
56.7145178737977
57.7849064136887
56.0732061381238
55.1979519979057
55.3181576756921
54.903331563498
54.8839092436371
54.2668854997692
53.6072769641152
52.3165343482902
52.8005276477618
51.9382712396946
51.4935259759771
51.6380546926112
51.5033647733247
50.1735865233443
49.5728530966127
49.3346601459307
48.7747230253266
49.1577163755802
47.686520303304
47.1527446052297
47.2574211855843
47.1726394078273
47.1416847721012
45.6132557593729
45.2883513453302
45.9855523074387
45.0285893230132
44.3036088674629
43.447922429427
44.0838767854216
43.4552422794253
42.2761256832436
42.2888166199425
41.2631102683143
41.5903529979116
41.0398296683287
40.1130302161324
40.0505605638579
40.0074031865885
39.1667871742859
38.9427196062831
39.0435595602324
38.208850807567
38.4629642468474
37.7301261873021
37.3972335970255
36.9640064311521
36.1321699219959
36.2262988949211
35.3524699272355
35.634801441075
33.9445931837052
34.7812225033102
35.088513978646
34.6672263846781
34.4554553826932
33.2093032580705
32.9695674789045
32.4585122137889
31.8810448289001
32.6541152946634
31.7134735587706
31.8480371300067
31.1694163198698
31.514533211887
30.9194708138385
29.4387472363058
30.578938723874
30.1770085196905
29.6587906999441
29.3596183493334
29.4553808193748
28.5994083859371
27.6125662268558
28.2070005762885
26.5667918402137
26.5667918402137
26.5667918402137
26.3440861556732
25.6587419242494
26.0775150229263
26.4480892374063
26.2578070939542
25.6871660361107
25.095856743815
25.2590887003928
23.9624210375665
23.854235250925
23.3652138699485
23.9758385152858
23.4432592811754
23.6708313398598
23.0711977252599
22.7154805184981
22.7127935950946
22.4253586176762
22.1000867879942
20.8564987394748
20.6757966447624
21.7586988776984
20.8321604660037
21.1039510175956
20.0599432643151
20.289105973369
19.8405262033415
19.7166877088095
19.708605873481
19.0104699488122
19.8168746326434
19.0328452146775
18.6430798016442
18.6386483665773
18.1161752256231
17.8277570197068
18.1151812862782
18.0267028777549
17.9700248873731
17.316382133527
16.4344705670445
16.6945646748301
16.8185495050281
16.6168350959228
16.5190082608655
16.7659388248034
15.8474302440124
15.8437893346949
15.6008475671884
15.3847161964204
14.7919663165275
14.4960278611946
14.4569087059597
14.5313647417445
14.5080482303993
14.6884145931392
13.5890664517224
14.4398340492357
14.3811841491784
12.6097453472257
13.9642235404642
12.8983393251015
13.1850571523603
13.5385241848444
12.4383427653084
12.3638349008029
11.1442238868618
11.8468657937735
12.514953221359
11.9193177783229
11.4317088309335
11.4269656629376
11.49774915168
11.2524330672611
10.607825371402
11.1156830358555
10.6157286014149
10.3189316638951
10.2907206302971
10.3131125179358
10.1882084950054
10.310442401007
9.86861720413233
10.4185128022863
9.11166623377475
8.57824168666734
9.43309859860197
8.64464264387933
9.44064286912582
8.42410483407706
9.65852755161248
8.51261578940543
8.83795931779579
8.42069819220602
8.36991195640105
8.60991897142358
7.78006178649866
7.89228651248531
7.81045184982363
7.84794158937587
7.60150088041341
7.98316206851717
7.61544095422195
7.59976346258649
7.81251076930375
7.47000672331099
7.35314000904285
7.71160161305779
7.01994327916704
6.63510755712247
6.99899013523991
7.10840286114745
6.13691187151757
6.3901940022037
6.045517069977
6.17554670973386
5.77382464268746
6.36765682612427
6.40196302771302
6.15205159292982
5.70438845996961
6.0779874384218
5.50231978783126
5.71828831200408
6.00173080870965
5.12181687577477
5.35081753700587
5.09011652972929
5.55928224730708
5.10474387594927
5.65620761812434
4.95305512129309
5.30550601721233
4.53822977279958
5.05607240769033
4.42844714197572
5.24878210881964
4.76686128198287
4.69780227095333
4.7765470587265
4.14405782497602
4.56830230903183
4.59332809981116
4.0110260898171
3.51637265196684
3.5217033879069
4.18463327708443
3.50856960648192
3.38117394858939
3.46050004232217
3.53774657303019
4.18578553146629
4.01127911223629
3.72769745036946
3.12148295002406
3.55185735253917
3.67412901134296
3.49444964969861
3.52979027741542
2.89559916256684
3.35581104868328
2.96617467511206
3.6968962633988
3.25856437620134
2.83213381491663
3.06059291266293
2.87241108189328
3.24582846502668
2.78483036596353
2.79497763607927
2.76665914111102
2.81439969022654
2.56388184657716
2.46675923318126
2.84571161394203
2.52476342184631
2.9447715735338
2.31416213242011
2.46275157949346
2.91464936824186
2.15721277328345
2.33524110436821
2.12025917390235
2.14977648136193
1.87267808404971
2.00841899715363
1.40463332146501
2.10240003781238
2.38128344724097
2.40748112302813
2.28897135593332
1.75981485206678
1.51647235112156
2.40362385927041
2.32958139671868
2.27168317621809
2.4978226121981
2.38510778371959
1.96280767605925
1.98953075724392
2.39697254488417
2.18400223753229
1.51903956727005
1.00823139084319
2.18652960053568
0.841564213550488
2.60079150598981
1.86000786942292
1.95134448523377
1.18241155185734
1.90250817114053
1.41577959872164
2.25337689218694
1.37359555604721
1.15397206332903
1.76347825761698
1.90331319766965
