Spectrometer
LDA~G40090218
-1
-1
87.773
0.0457
0
0 0
0 0
0 0
0 0
0 0
0 0
0 0
0 0
0 0
0 0
0 0
0 0
0 0
0 0
0 0
0 0
0 0
0 0
0 0
0 0
0 0
0 0
0 0
0 0
0 0
0 0
0 0
0 0
0 0
0 0
0 0
0 0
0 0
0 0
0 0
0 0
0 0
0 0
0 0
0 0
0 0
0 0
0 0
0 0
0 0
0 0
0 0
0 0
0 0
0 0
0 0
0 0
0 0
0 0
0 0
0 0
2.48918129043413E-05 0
2.51753331885498E-05 0
2.5460517103184E-05 0
2.62382158362836E-05 0
2.60292181283639E-05 0
2.58029543019271E-05 0
2.61448620447213E-05 0
2.5789360167905E-05 0
2.47230421911629E-05 0
2.48038767626492E-05 0
2.42766473177132E-05 0
2.42314236064245E-05 0
2.45913170068932E-05 0
2.48110169944944E-05 0
2.38658071563994E-05 0
2.34753865886516E-05 0
2.35862160117741E-05 0
2.37806911210264E-05 0
2.367773273712E-05 0
2.32992581539228E-05 0
2.41077856439456E-05 0
2.52421166985956E-05 0
2.55953721648126E-05 0
2.48643012471455E-05 0
2.46507979983513E-05 0
2.49334413428334E-05 0
2.57203318190641E-05 0
2.58411078804426E-05 0
2.58588196405453E-05 0
2.66331305722222E-05 0
2.72682509409611E-05 0
2.69481678970072E-05 0
2.71100240358553E-05 0
2.66386317158982E-05 0
2.60012495754827E-05 0
2.62499445955382E-05 0
2.61322768513141E-05 0
2.63886174661654E-05 0
2.64312217885498E-05 0
2.61719582424936E-05 0
2.60389320492759E-05 0
2.6177204078769E-05 0
2.60477997603159E-05 0
2.5904700352472E-05 0
2.55382323506526E-05 0
2.58511160543868E-05 0
2.60014934828728E-05 0
2.517628296301E-05 0
2.47112922778952E-05 0
2.43034310185135E-05 0
2.38457631412834E-05 0
2.42172279061801E-05 0
2.42318690854812E-05 0
2.41628449902514E-05 0
2.42660562895626E-05 0
2.45966454515206E-05 0
2.4460795852714E-05 0
2.39491705766705E-05 0
2.3845645268613E-05 0
2.34722038903955E-05 0
2.35948987072296E-05 0
2.34234246243283E-05 0
2.33447624090576E-05 0
2.27393869090156E-05 0
2.24540542761196E-05 0
2.25431890948201E-05 0
2.25033714541097E-05 0
2.25523787180854E-05 0
2.21251115913098E-05 0
2.16608954935698E-05 0
2.16714014828973E-05 0
2.16642573829865E-05 0
2.15633205053152E-05 0
2.14420126644877E-05 0
2.08951479650643E-05 0
2.09163456457249E-05 0
2.08842752689343E-05 0
2.12953608802055E-05 0
2.15906399124794E-05 0
2.13731040152926E-05 0
2.10276178659803E-05 0
2.08835369936077E-05 0
2.07898806880323E-05 0
2.06206072910727E-05 0
2.04223374814801E-05 0
2.02829140459765E-05 0
2.01630234420663E-05 0
2.01676771167688E-05 0
2.02543601377587E-05 0
2.03160138145231E-05 0
2.01401133511425E-05 0
1.99433777463449E-05 0
1.9749387347796E-05 0
1.97484971327653E-05 0
1.96097416931345E-05 0
1.94141953787359E-05 0
1.92642197558821E-05 0
1.92588483001499E-05 0
1.93671223171086E-05 0
1.9256871959619E-05 0
1.91736048468273E-05 0
1.91256860613898E-05 0
1.9072792477724E-05 0
1.91681311723539E-05 0
1.93002501688551E-05 0
1.90346604428476E-05 0
1.88872586580448E-05 0
1.90565288955501E-05 0
1.90204927781827E-05 0
1.90374619453142E-05 0
1.90669790239517E-05 0
1.90294413186843E-05 0
1.89305931960284E-05 0
1.89867559312113E-05 0
1.89857805494823E-05 0
1.9051072321689E-05 0
1.90880523374667E-05 0
1.91825414149628E-05 0
1.9302695968204E-05 0
1.9267541280963E-05 0
1.9397749169075E-05 0
1.9220596939276E-05 0
1.89763113508833E-05 0
1.91122346339013E-05 0
1.90259986089009E-05 0
1.89510047687475E-05 0
1.90492451533391E-05 0
1.90685206113308E-05 0
1.88639072237622E-05 0
1.90441213318874E-05 0
1.92565291487775E-05 0
1.9422966333018E-05 0
1.93543722539849E-05 0
1.94638213204938E-05 0
1.95333582621211E-05 0
1.94090396591536E-05 0
1.92289257771844E-05 0
1.92083465316857E-05 0
1.93145269953701E-05 0
1.93394496280008E-05 0
1.94440608933176E-05 0
1.96127321560188E-05 0
1.97356584137288E-05 0
1.98028415845404E-05 0
2.00264817692215E-05 0
1.99145380033764E-05 0
1.96869044411857E-05 0
1.9743282644298E-05 0
1.98092452834554E-05 0
1.97560400033032E-05 0
1.96031483811248E-05 0
1.9518336658024E-05 0
1.94657842935472E-05 0
1.94171187051216E-05 0
1.94844726134732E-05 0
1.96839681555948E-05 0
1.99350343522907E-05 0
1.98727013621134E-05 0
1.97265460726648E-05 0
1.96929971029188E-05 0
1.97074513018047E-05 0
1.96715527329449E-05 0
1.96591823664759E-05 0
1.96848649527208E-05 0
1.94847509480829E-05 0
1.94005059803866E-05 0
1.9283881447897E-05 0
1.93700854841079E-05 0
1.94103364829291E-05 0
1.92851287200159E-05 0
1.9295593766448E-05 0
1.91788051829548E-05 0
1.89430414999988E-05 0
1.89885590659621E-05 0
1.90972042236621E-05 0
1.90981765374247E-05 0
1.91715018991426E-05 0
1.90758595331483E-05 0
1.89481111641869E-05 0
1.88860008992193E-05 0
1.88424321474082E-05 0
1.87179967769509E-05 0
1.85453355270652E-05 0
1.84459818387392E-05 0
1.85177872308142E-05 0
1.84014857278873E-05 0
1.82232670934646E-05 0
1.81563014238041E-05 0
1.81175379764714E-05 0
1.8076893611667E-05 0
1.78941030067056E-05 0
1.78133197024912E-05 0
1.76101820374065E-05 0
1.72882753173058E-05 0
1.72645961913608E-05 0
1.73410418895939E-05 0
1.73589134278643E-05 0
1.7256553892144E-05 0
1.70891718779525E-05 0
1.69749677018505E-05 0
1.69469749664586E-05 0
1.69125592473106E-05 0
1.67870856206953E-05 0
1.66113160981032E-05 0
1.63944342446085E-05 0
1.63260745402163E-05 0
1.62767373606484E-05 0
1.62090465815251E-05 0
1.60948026673344E-05 0
1.60417466236576E-05 0
1.60371050003183E-05 0
1.60008570882065E-05 0
1.58444502694245E-05 0
1.56914713262799E-05 0
1.56280211144702E-05 0
1.56627993274138E-05 0
1.55899418136173E-05 0
1.55148494262164E-05 0
1.53867181974169E-05 0
1.51546653367733E-05 0
1.50680418335347E-05 0
1.50807461528685E-05 0
1.50709612017352E-05 0
1.49159663299494E-05 0
1.49173225375259E-05 0
1.48835234539287E-05 0
1.4854269956905E-05 0
1.46997489809594E-05 0
1.44746213223104E-05 0
1.4410176168906E-05 0
1.44167559579176E-05 0
1.43781863932712E-05 0
1.43221839994566E-05 0
1.4318600520537E-05 0
1.43489956962437E-05 0
1.43099038014093E-05 0
1.41165381391321E-05 0
1.39917812841643E-05 0
1.39210294403611E-05 0
1.38281229943871E-05 0
1.37544792762584E-05 0
1.37158274294334E-05 0
1.36786512852274E-05 0
1.36406761695621E-05 0
1.35496348329011E-05 0
1.34728739734196E-05 0
1.33702234258307E-05 0
1.32142501695392E-05 0
1.32289555412135E-05 0
1.32396693935191E-05 0
1.3162699692329E-05 0
1.30974731639643E-05 0
1.31145212286341E-05 0
1.30617665495339E-05 0
1.29635398796978E-05 0
1.29223101125689E-05 0
1.28662749818643E-05 0
1.28292239158998E-05 0
1.27965466661276E-05 0
1.2749479681308E-05 0
1.26400822037826E-05 0
1.26197257360383E-05 0
1.25603106399028E-05 0
1.25214995690562E-05 0
1.25215244003803E-05 0
1.25250354079516E-05 0
1.25206845468611E-05 0
1.24993430969914E-05 0
1.24904181115487E-05 0
1.23898627957159E-05 0
1.23333793198551E-05 0
1.22733037778901E-05 0
1.22360295895227E-05 0
1.22226358015582E-05 0
1.22614918549708E-05 0
1.23001517274041E-05 0
1.22747508309803E-05 0
1.22460903042345E-05 0
1.22459357134003E-05 0
1.22317861407752E-05 0
1.22192911597396E-05 0
1.2225002047008E-05 0
1.2229357115953E-05 0
1.22044683861122E-05 0
1.21967887577723E-05 0
1.22262941961241E-05 0
1.21801686978392E-05 0
1.21662725916142E-05 0
1.21791176093458E-05 0
1.22084615531331E-05 0
1.21812701790045E-05 0
1.21002698456247E-05 0
1.20683618585392E-05 0
1.20374825977655E-05 0
1.21382699398684E-05 0
1.22884437074928E-05 0
1.22477091039613E-05 0
1.21779657941047E-05 0
1.21776326076169E-05 0
1.21937857378737E-05 0
1.22044706292012E-05 0
1.22459789252938E-05 0
1.22981209460072E-05 0
1.23112441830773E-05 0
1.22882627688413E-05 0
1.22998287556809E-05 0
1.2333002985401E-05 0
1.23584860214606E-05 0
1.2371503524219E-05 0
1.2427670258645E-05 0
1.2519349773636E-05 0
1.25113687688215E-05 0
1.25553621979279E-05 0
1.26548297103107E-05 0
1.27176317904182E-05 0
1.27791836446658E-05 0
1.28193776703943E-05 0
1.28496587492035E-05 0
1.28361806400282E-05 0
1.28107469145131E-05 0
1.28801764190989E-05 0
1.29003873294492E-05 0
1.28010128575007E-05 0
1.28102044051417E-05 0
1.28205558190681E-05 0
1.28466598942356E-05 0
1.29748936030703E-05 0
1.30065657666559E-05 0
1.30826485514677E-05 0
1.32036543864572E-05 0
1.3203212941494E-05 0
1.31968155127589E-05 0
1.31998165173747E-05 0
1.32833749909644E-05 0
1.33032039047016E-05 0
1.3226002384946E-05 0
1.32579107232358E-05 0
1.33967093001821E-05 0
1.34906288332908E-05 0
1.3566962498113E-05 0
1.362840946796E-05 0
1.36019444053666E-05 0
1.36145128869459E-05 0
1.36424796831395E-05 0
1.36501323727851E-05 0
1.37598605372315E-05 0
1.38398633706613E-05 0
1.38113748310375E-05 0
1.38748853139748E-05 0
1.39264111750942E-05 0
1.3983716909284E-05 0
1.41003177987065E-05 0
1.413880608113E-05 0
1.41294042175675E-05 0
1.40896441388884E-05 0
1.41035250418433E-05 0
1.41147518859745E-05 0
1.41367088030766E-05 0
1.41629085296296E-05 0
1.42488059010362E-05 0
1.43498706080357E-05 0
1.42941689233532E-05 0
1.43106587089669E-05 0
1.44476834244261E-05 0
1.44917460663457E-05 0
1.44823052266583E-05 0
1.44808224471843E-05 0
1.45030796457406E-05 0
1.45581185444331E-05 0
1.45722802752731E-05 0
1.46018657563318E-05 0
1.4615343855534E-05 0
1.4616802360371E-05 0
1.46545291417882E-05 0
1.47152211108524E-05 0
1.47180184688681E-05 0
1.46825089267957E-05 0
1.46163430342315E-05 0
1.45790256164294E-05 0
1.46550477033347E-05 0
1.46880505649853E-05 0
1.46548789090992E-05 0
1.46874704257145E-05 0
1.47005840324031E-05 0
1.46498347215895E-05 0
1.46326947988824E-05 0
1.46410773873924E-05 0
1.46619213817502E-05 0
1.4620922052369E-05 0
1.46186542586718E-05 0
1.45633871115995E-05 0
1.45300331906742E-05 0
1.45151377158021E-05 0
1.44764170622915E-05 0
1.44508356661852E-05 0
1.44922835177487E-05 0
1.45175910143624E-05 0
1.45311664702684E-05 0
1.4474030603151E-05 0
1.43595229754929E-05 0
1.43561959211395E-05 0
1.43443438700438E-05 0
1.42845154990174E-05 0
1.42337356389491E-05 0
1.4231671601618E-05 0
1.42561692999591E-05 0
1.41630643120682E-05 0
1.4088217537559E-05 0
1.40734902031498E-05 0
1.40403194520615E-05 0
1.40726302195847E-05 0
1.402983473849E-05 0
1.40127798660849E-05 0
1.39939273265636E-05 0
1.38414900308086E-05 0
1.37840408482189E-05 0
1.38280498198461E-05 0
1.37803203264391E-05 0
1.37939148860837E-05 0
1.37936489586963E-05 0
1.37309651792945E-05 0
1.36861019189547E-05 0
1.3647221510992E-05 0
1.36068340673527E-05 0
1.35840109486444E-05 0
1.35522687229862E-05 0
1.35137850933574E-05 0
1.34676083884795E-05 0
1.34432629790143E-05 0
1.34403384452361E-05 0
1.34303291007199E-05 0
1.33780695979456E-05 0
1.33565342439107E-05 0
1.33117541374404E-05 0
1.32983930835931E-05 0
1.33019281921819E-05 0
1.3232642861418E-05 0
1.32432125071667E-05 0
1.32744789284318E-05 0
1.32688543761268E-05 0
1.32526730632527E-05 0
1.31927417892563E-05 0
1.31685484890823E-05 0
1.31731227574951E-05 0
1.3168733810772E-05 0
1.31246918772664E-05 0
1.30585187769593E-05 0
1.30168130310002E-05 0
1.3020072351269E-05 0
1.29750225068116E-05 0
1.29491084822541E-05 0
1.30061123537756E-05 0
1.30121810818957E-05 0
1.29827708201045E-05 0
1.29551932304485E-05 0
1.29409794309677E-05 0
1.28896715544229E-05 0
1.29043772035535E-05 0
1.28673521290518E-05 0
1.28239827166933E-05 0
1.27838672754512E-05 0
1.27763087276355E-05 0
1.27990117614217E-05 0
1.27129434746599E-05 0
1.27157686055497E-05 0
1.26893592239724E-05 0
1.26317384539154E-05 0
1.26364514508023E-05 0
1.26241871548009E-05 0
1.25994900933085E-05 0
1.25767715406151E-05 0
1.25403105468144E-05 0
1.25661281859546E-05 0
1.25697102012899E-05 0
1.25026743481647E-05 0
1.24932755105741E-05 0
1.2434904944168E-05 0
1.23712144440937E-05 0
1.2361175609075E-05 0
1.23514806521128E-05 0
1.23038716742652E-05 0
1.23384801650247E-05 0
1.23716882139873E-05 0
1.23386503023125E-05 0
1.23148879841541E-05 0
1.22988264474605E-05 0
1.22725110731675E-05 0
1.22425629344031E-05 0
1.21858772909982E-05 0
1.2162065996138E-05 0
1.21868386428884E-05 0
1.21829474213538E-05 0
1.21783114648553E-05 0
1.2119156431608E-05 0
1.20965815417432E-05 0
1.20744307512711E-05 0
1.20579325116173E-05 0
1.2069386702854E-05 0
1.20452349110303E-05 0
1.20323182295043E-05 0
1.20140440836497E-05 0
1.19659729723968E-05 0
1.19621914158981E-05 0
1.19084808272303E-05 0
1.19005231539406E-05 0
1.18972510592045E-05 0
1.18838396530987E-05 0
1.1909096221607E-05 0
1.19289472529302E-05 0
1.18472851184259E-05 0
1.18258856056965E-05 0
1.18194746968495E-05 0
1.18052744153748E-05 0
1.17624964522361E-05 0
1.17480856292598E-05 0
1.17797012327062E-05 0
1.17642079275449E-05 0
1.17854474539312E-05 0
1.18110388833187E-05 0
1.18029799785137E-05 0
1.1778824358566E-05 0
1.17207592658015E-05 0
1.17283273911485E-05 0
1.17429382007261E-05 0
1.17184741560852E-05 0
1.16736668739675E-05 0
1.16715539636608E-05 0
1.17046584236477E-05 0
1.17400702229656E-05 0
1.17127389758749E-05 0
1.16987834477598E-05 0
1.16694627958503E-05 0
1.17080029993434E-05 0
1.1737975918083E-05 0
1.16902050516664E-05 0
1.16989212144943E-05 0
1.17593091929421E-05 0
1.17609585746241E-05 0
1.17417909166887E-05 0
1.17508435798721E-05 0
1.17392423450866E-05 0
1.17803161571508E-05 0
1.17941647010164E-05 0
1.17831966332439E-05 0
1.17680221629807E-05 0
1.17724470529822E-05 0
1.18141154542792E-05 0
1.18365950172607E-05 0
1.18402449244745E-05 0
1.1850620888783E-05 0
1.18434187362512E-05 0
1.18669243661644E-05 0
1.18835420502923E-05 0
1.19011977316476E-05 0
1.18726769987613E-05 0
1.19080477269771E-05 0
1.19321346125882E-05 0
1.19283469307749E-05 0
1.19414769919512E-05 0
1.19021562030595E-05 0
1.1901786512384E-05 0
1.19645360896155E-05 0
1.19841295393036E-05 0
1.19895699005047E-05 0
1.20050280022032E-05 0
1.20280575321577E-05 0
1.20513136556758E-05 0
1.20612913277235E-05 0
1.20478002122036E-05 0
1.21414364383533E-05 0
1.21854441531072E-05 0
1.2162473037435E-05 0
1.21336687086222E-05 0
1.21800759178215E-05 0
1.22513088604236E-05 0
1.22757156668958E-05 0
1.22851380325703E-05 0
1.22694979341533E-05 0
1.22819240300387E-05 0
1.23281743311606E-05 0
1.2347589462167E-05 0
1.24278361522461E-05 0
1.24832959593108E-05 0
1.25299271330086E-05 0
1.2555607841051E-05 0
1.26044471828269E-05 0
1.26195287874874E-05 0
1.2658179495264E-05 0
1.26716424582306E-05 0
1.26897233325998E-05 0
1.27102854615586E-05 0
1.2754417077092E-05 0
1.28081897629333E-05 0
1.28494557991373E-05 0
1.28470113459607E-05 0
1.2881897302695E-05 0
1.29500291216578E-05 0
1.29106248587305E-05 0
1.28768972828852E-05 0
1.28902406412602E-05 0
1.29154578092805E-05 0
1.29328027035937E-05 0
1.29559162546744E-05 0
1.29586377934497E-05 0
1.29443029475911E-05 0
1.2992078694039E-05 0
1.3047942677551E-05 0
1.3056028271737E-05 0
1.30605152696998E-05 0
1.30222166068135E-05 0
1.30036864263856E-05 0
1.30466057082734E-05 0
1.30551689079558E-05 0
1.30485891107664E-05 0
1.30449932132936E-05 0
1.30657306877146E-05 0
1.30678283114147E-05 0
1.30576444607275E-05 0
1.30552593803475E-05 0
1.30548240926746E-05 0
1.30641128835366E-05 0
1.3122012522584E-05 0
1.31366964200219E-05 0
1.31464935268292E-05 0
1.31001432876911E-05 0
1.30283141255313E-05 0
1.30819726976279E-05 0
1.31485467710293E-05 0
1.31693853207434E-05 0
1.31337412619448E-05 0
1.30987786275696E-05 0
1.3120705688492E-05 0
1.31294111042418E-05 0
1.31755146850504E-05 0
1.3185710238315E-05 0
1.31803073580039E-05 0
1.31440665384048E-05 0
1.31853731722605E-05 0
1.31577256664341E-05 0
1.31277221659297E-05 0
1.32114318522252E-05 0
1.32139780002002E-05 0
1.32347700327363E-05 0
1.3263273598456E-05 0
1.32758373312649E-05 0
1.32850300923848E-05 0
1.33151726894972E-05 0
1.33629302318265E-05 0
1.33540749298553E-05 0
1.33832619275536E-05 0
1.34153407580215E-05 0
1.34307668574479E-05 0
1.33714746289971E-05 0
1.34255960103661E-05 0
1.34516354633249E-05 0
1.35127334800443E-05 0
1.35314387860541E-05 0
1.35835467143637E-05 0
1.35830149858463E-05 0
1.35402707976765E-05 0
1.35314545423918E-05 0
1.35663871262412E-05 0
1.36018520591141E-05 0
1.35730771616816E-05 0
1.36076656540545E-05 0
1.36155053153222E-05 0
1.36297964578282E-05 0
1.36829633232545E-05 0
1.37189094103384E-05 0
1.37016014816816E-05 0
1.37340726580254E-05 0
1.37672402961912E-05 0
1.37510553834072E-05 0
1.38096416418092E-05 0
1.38486053829572E-05 0
1.38433368138898E-05 0
1.3873564505374E-05 0
1.38575884015095E-05 0
1.38715716588595E-05 0
1.39079613944378E-05 0
1.39280236325092E-05 0
1.39762783905045E-05 0
1.39661101242603E-05 0
1.39688690626402E-05 0
1.39864405149171E-05 0
1.40145120285921E-05 0
1.40034983802155E-05 0
1.40595748344493E-05 0
1.4125451042245E-05 0
1.4103083438056E-05 0
1.409978196522E-05 0
1.4138547532038E-05 0
1.41544209718543E-05 0
1.41742365754435E-05 0
1.4139127158661E-05 0
1.41362971398702E-05 0
1.42165387483548E-05 0
1.42547932559765E-05 0
1.42051048504361E-05 0
1.42041847063842E-05 0
1.42141042492699E-05 0
1.42611934530327E-05 0
1.43006133215749E-05 0
1.43185132197573E-05 0
1.435084778621E-05 0
1.4407215097372E-05 0
1.44468385599103E-05 0
1.44441396966505E-05 0
1.44567542590363E-05 0
1.45220429249372E-05 0
1.45634512883076E-05 0
1.4633024082588E-05 0
1.46686819658477E-05 0
1.47082568293291E-05 0
1.47429168878186E-05 0
1.47488788510323E-05 0
1.47460993474454E-05 0
1.48059232361777E-05 0
1.47770667614985E-05 0
1.4711729065159E-05 0
1.47399057904197E-05 0
1.47835832217197E-05 0
1.48227441465121E-05 0
1.48270727110963E-05 0
1.48165908804009E-05 0
1.4763246966698E-05 0
1.46422978809989E-05 0
1.45829802053485E-05 0
1.46398297450671E-05 0
1.4687494481985E-05 0
1.47376766232107E-05 0
1.47660916329593E-05 0
1.47388896507701E-05 0
1.46540154993164E-05 0
1.46569093731133E-05 0
1.46468311795163E-05 0
1.45708534944348E-05 0
1.45109422173875E-05 0
1.44928635497836E-05 0
1.45608455970652E-05 0
1.45940650194835E-05 0
1.45600484976897E-05 0
1.45050240650706E-05 0
1.44669542296972E-05 0
1.4442473355978E-05 0
1.4411344517228E-05 0
1.43502203219124E-05 0
1.42478457748751E-05 0
1.41144023284793E-05 0
1.40652863404293E-05 0
1.40247638431859E-05 0
1.40038010303172E-05 0
1.39998266373486E-05 0
1.38710248503873E-05 0
1.37896271858232E-05 0
1.37463889460435E-05 0
1.37278746133877E-05 0
1.37398136276051E-05 0
1.37616401577681E-05 0
1.37120984725437E-05 0
1.36041494626567E-05 0
1.3590927533755E-05 0
1.35898397935222E-05 0
1.36043927323115E-05 0
1.36134490944814E-05 0
1.35991742861397E-05 0
1.35274566199146E-05 0
1.34721617686346E-05 0
1.34538253491076E-05 0
1.3329327616841E-05 0
1.32753294059133E-05 0
1.32874032752968E-05 0
1.33161406370248E-05 0
1.33494415540136E-05 0
1.33405456344706E-05 0
1.33749804028533E-05 0
1.33369769213892E-05 0
1.32476500779673E-05 0
1.31155133140589E-05 0
1.30188694049325E-05 0
1.29925054563441E-05 0
1.29659399015957E-05 0
1.29146110954202E-05 0
1.28778773131694E-05 0
1.28905826516787E-05 0
1.29315270850389E-05 0
1.29724849250837E-05 0
1.29436571031211E-05 0
1.28858569886878E-05 0
1.27932877220959E-05 0
1.27336030940898E-05 0
1.27752369782491E-05 0
1.28167585739524E-05 0
1.28212280771533E-05 0
1.27447582528387E-05 0
1.27242552042608E-05 0
1.27630188964594E-05 0
1.27602219782653E-05 0
1.27128925780788E-05 0
1.26671329470997E-05 0
1.26196481327747E-05 0
1.26063825627507E-05 0
1.25497084519896E-05 0
1.25089151724839E-05 0
1.25073824953126E-05 0
1.25232164568435E-05 0
1.25034429253739E-05 0
1.2450437400585E-05 0
1.24294565810253E-05 0
1.24296865920992E-05 0
1.2462821822177E-05 0
1.24156488018607E-05 0
1.23632494403518E-05 0
1.23178599795474E-05 0
1.22623576348437E-05 0
1.22008784726305E-05 0
1.21825768063839E-05 0
1.22143314971902E-05 0
1.22400497417742E-05 0
1.22469144819747E-05 0
1.21651752431559E-05 0
1.20966432483591E-05 0
1.21196064437732E-05 0
1.22083557741748E-05 0
1.22199955835992E-05 0
1.22069207253065E-05 0
1.21615473220434E-05 0
1.20883267906693E-05 0
1.20301878980746E-05 0
1.19633413791706E-05 0
1.18761849083902E-05 0
1.18777516209592E-05 0
1.19253154990747E-05 0
1.192823734966E-05 0
1.18718918044875E-05 0
1.18037444152257E-05 0
1.1768417192527E-05 0
1.17658446514671E-05 0
1.17296898948884E-05 0
1.17880951443572E-05 0
1.18270786994288E-05 0
1.17852585252824E-05 0
1.17385191929015E-05 0
1.17088892557028E-05 0
1.17040915620813E-05 0
1.17801217806793E-05 0
1.1781299783629E-05 0
1.17544497958008E-05 0
1.1653849900874E-05 0
1.15291367764753E-05 0
1.14623573231628E-05 0
1.14749050168906E-05 0
1.15490825576122E-05 0
1.15851127400842E-05 0
1.15708939150769E-05 0
1.15351015947741E-05 0
1.15225248451426E-05 0
1.15443586582912E-05 0
1.15271792949424E-05 0
1.14610636987105E-05 0
1.13385841407209E-05 0
1.12703679772619E-05 0
1.12086047162047E-05 0
1.1207026239599E-05 0
1.12815056068767E-05 0
1.13223225516948E-05 0
1.13791871393203E-05 0
1.13799709780327E-05 0
1.13371381422568E-05 0
1.12793487062362E-05 0
1.12071705383861E-05 0
1.12236105012674E-05 0
1.12593981110806E-05 0
1.12333036765383E-05 0
1.11514645428045E-05 0
1.11256275398569E-05 0
1.11355913173854E-05 0
1.11227848131096E-05 0
1.11181246620977E-05 0
1.10698878292335E-05 0
1.10418980629474E-05 0
1.10738415038466E-05 0
1.11196046157196E-05 0
1.10608557021178E-05 0
1.09736584185165E-05 0
1.09245075841126E-05 0
1.09377226713779E-05 0
1.09706280222643E-05 0
1.10007338172829E-05 0
1.10283814836906E-05 0
1.09995348057812E-05 0
1.09810930132385E-05 0
1.1016017940395E-05 0
1.10370488940087E-05 0
1.1023688132787E-05 0
1.10386294121216E-05 0
1.10262598971747E-05 0
1.10219293122286E-05 0
1.1064797004803E-05 0
1.10949618335163E-05 0
1.10678366263454E-05 0
1.10409162129152E-05 0
1.1015753074593E-05 0
1.10115935054897E-05 0
1.10456973558119E-05 0
1.10607436701635E-05 0
1.10334583376002E-05 0
1.10263060717571E-05 0
1.09489151126886E-05 0
1.08723776328436E-05 0
1.08794444540451E-05 0
1.10022597529339E-05 0
1.11143845365099E-05 0
1.11517768793425E-05 0
1.1097196054816E-05 0
1.09873030041756E-05 0
1.09896788766177E-05 0
1.10215652656226E-05 0
1.10139218831792E-05 0
1.09822719048964E-05 0
1.08874835434148E-05 0
1.08610345483513E-05 0
1.08971577235681E-05 0
1.10271213829732E-05 0
1.11192698488557E-05 0
1.11464711114828E-05 0
1.11773602140708E-05 0
1.11915090464403E-05 0
1.1213758768498E-05 0
1.1155143128454E-05 0
1.10496140724247E-05 0
1.09712588984967E-05 0
1.08827113703547E-05 0
1.08747271491231E-05 0
1.09522923714352E-05 0
1.1008832629481E-05 0
1.10383655922614E-05 0
1.10542590294959E-05 0
1.10699984980934E-05 0
1.10774948325347E-05 0
1.10231151032061E-05 0
1.09961442350175E-05 0
1.09906784022144E-05 0
1.10307647582743E-05 0
1.10502082189161E-05 0
1.10633705754099E-05 0
1.10251351644526E-05 0
1.10024121642041E-05 0
1.09978054725635E-05 0
1.09144435085655E-05 0
1.08989812375757E-05 0
1.09557633162231E-05 0
1.09846101824575E-05 0
1.09924613160372E-05 0
1.09678833670841E-05 0
1.09722064190028E-05 0
1.10392631059364E-05 0
1.11121854784958E-05 0
1.11244670209712E-05 0
1.11771564073291E-05 0
1.1189488680126E-05 0
1.1133843392619E-05 0
1.10818760718856E-05 0
1.10338767994433E-05 0
1.09770395195758E-05 0
1.09557770240692E-05 0
1.10159083605631E-05 0
1.11170475461186E-05 0
1.12109997513704E-05 0
1.12827922998225E-05 0
1.12853398971979E-05 0
1.12911303394057E-05 0
1.12612291380003E-05 0
1.11628507363493E-05 0
1.11039096504221E-05 0
1.1131961913816E-05 0
1.12453010657584E-05 0
1.13766411443413E-05 0
1.14087288088087E-05 0
1.14175184033027E-05 0
1.1412420544869E-05 0
1.13854068518278E-05 0
1.13881355627094E-05 0
1.13687688496301E-05 0
1.13491366553092E-05 0
1.13600512437048E-05 0
1.13952779806306E-05 0
1.14373598306122E-05 0
1.14861410403087E-05 0
1.15545673370075E-05 0
1.15932628167728E-05 0
1.16153333236724E-05 0
1.16787440718908E-05 0
1.17370389834109E-05 0
1.17549991906555E-05 0
1.17568033578443E-05 0
1.1734606390375E-05 0
1.17163729151033E-05 0
1.17774956662715E-05 0
1.17992805416919E-05 0
1.1829071732016E-05 0
1.18722810098877E-05 0
1.1932788440117E-05 0
1.20126185840732E-05 0
1.19966778440739E-05 0
1.20062964425042E-05 0
1.19987732857132E-05 0
1.19567250424847E-05 0
1.19708539342626E-05 0
1.20400652111856E-05 0
1.21156354317699E-05 0
1.21866234623994E-05 0
1.2218152668343E-05 0
1.2203831539014E-05 0
1.22302598238034E-05 0
1.22192033830039E-05 0
1.22469466848962E-05 0
1.23281348948461E-05 0
1.24216898410462E-05 0
1.25341320876864E-05 0
1.25846509846004E-05 0
1.25889688175298E-05 0
1.2649612593065E-05 0
1.27049400848772E-05 0
1.27895718186598E-05 0
1.28516628631686E-05 0
1.2875082964246E-05 0
1.29419440700004E-05 0
1.29300502716026E-05 0
1.29064677197731E-05 0
1.29057829059555E-05 0
1.29405746038548E-05 0
1.30018648089958E-05 0
1.30770675216924E-05 0
1.31488067940316E-05 0
1.32397441246147E-05 0
1.3303089232544E-05 0
1.33617364731697E-05 0
1.34020487554587E-05 0
1.34559585214055E-05 0
1.3500329025691E-05 0
1.35413904992917E-05 0
1.36356695359655E-05 0
1.37223240601769E-05 0
1.38130040147978E-05 0
1.3919049354158E-05 0
1.40008899008756E-05 0
1.40761117258155E-05 0
1.41618857228089E-05 0
1.42357895745773E-05 0
1.42687375636314E-05 0
1.43594843935378E-05 0
1.44920522642665E-05 0
1.45469345579357E-05 0
1.4523349057804E-05 0
1.4525731448305E-05 0
1.46292927808934E-05 0
1.4744004257257E-05 0
1.47976822841478E-05 0
1.48595726659868E-05 0
1.48606725751454E-05 0
1.47099687738417E-05 0
1.46184262410708E-05 0
1.46091446986919E-05 0
1.46272368338855E-05 0
1.46618182824756E-05 0
1.46578003697217E-05 0
1.46643116865351E-05 0
1.4657487772774E-05 0
1.46612575061123E-05 0
1.46583776431093E-05 0
1.46369591817098E-05 0
1.45723036450804E-05 0
1.44480006897486E-05 0
1.44050617347898E-05 0
1.43522546238112E-05 0
1.43123166905849E-05 0
1.42827629499319E-05 0
1.41985749659878E-05 0
1.4169851577597E-05 0
1.41832827013742E-05 0
1.42242066365119E-05 0
1.42182235434994E-05 0
1.41431304841051E-05 0
1.4040063384161E-05 0
1.39607477263993E-05 0
1.38815197479399E-05 0
1.38596122173983E-05 0
1.39240927324005E-05 0
1.39848745225708E-05 0
1.39563770107952E-05 0
1.39180513261513E-05 0
1.38402279732581E-05 0
1.37530596287881E-05 0
1.36998499011715E-05 0
1.37190625101588E-05 0
1.37453938346559E-05 0
1.38177564925718E-05 0
1.38195916344187E-05 0
1.3780685780481E-05 0
1.3780537894654E-05 0
1.37557344756246E-05 0
1.37893627563052E-05 0
1.38902985671554E-05 0
1.39651984090773E-05 0
1.40394284877732E-05 0
1.40754620791069E-05 0
1.40656139637603E-05 0
1.40428087605845E-05 0
1.40260594105628E-05 0
1.40548227519638E-05 0
1.41081370422462E-05 0
1.41539559128797E-05 0
1.42550072078133E-05 0
1.43347226738514E-05 0
1.44432922935082E-05 0
1.45564306857959E-05 0
1.46175607791149E-05 0
1.47096556053028E-05 0
1.47525404819785E-05 0
1.48559176758778E-05 0
1.49777633708493E-05 0
1.50509928573468E-05 0
1.50676885018345E-05 0
1.50694558549732E-05 0
1.51172005750421E-05 0
1.51842003878675E-05 0
1.52645063561856E-05 0
1.53840495398401E-05 0
1.5500211316657E-05 0
1.55341366440162E-05 0
1.55804927772819E-05 0
1.56602874113438E-05 0
1.5798395382415E-05 0
1.59525437713666E-05 0
1.61497150139735E-05 0
1.62691416500191E-05 0
1.63501875237807E-05 0
1.63873114736606E-05 0
1.63822068556746E-05 0
1.64575524647745E-05 0
1.65810790912588E-05 0
1.6706726603214E-05 0
1.695020454859E-05 0
1.70663315223169E-05 0
1.71691085142823E-05 0
1.72790006678076E-05 0
1.73418408885118E-05 0
1.74817075277865E-05 0
1.76242726911873E-05 0
1.77776416826919E-05 0
1.78524613153962E-05 0
1.78608670021289E-05 0
1.80207075314784E-05 0
1.82056140294032E-05 0
1.8298605328566E-05 0
1.84564860579143E-05 0
1.8573945287269E-05 0
1.86978165902173E-05 0
1.87828267371654E-05 0
1.88458900304302E-05 0
1.89364467713169E-05 0
1.89703794565779E-05 0
1.90801796628359E-05 0
1.92409043794018E-05 0
1.93920976375152E-05 0
1.95589766023731E-05 0
1.96968192732405E-05 0
1.98195304639256E-05 0
1.99463758460859E-05 0
2.00895096255384E-05 0
2.02571622367269E-05 0
2.03993393579327E-05 0
2.05411304683168E-05 0
2.07182543162341E-05 0
2.08573835548455E-05 0
2.10119653571364E-05 0
2.12737250709998E-05 0
2.14521751459098E-05 0
2.16214910750786E-05 0
2.19358851197994E-05 0
2.216303575696E-05 0
2.23214601580947E-05 0
2.24217421680489E-05 0
2.26797911135107E-05 0
2.29404015071846E-05 0
2.31625165317669E-05 0
2.34919877380679E-05 0
2.37018469047567E-05 0
2.38077956616537E-05 0
2.40382519154165E-05 0
2.43749107454447E-05 0
2.46611099114054E-05 0
2.48456334396833E-05 0
2.5028909903819E-05 0
2.5272998465332E-05 0
2.55065935054405E-05 0
2.58074358012301E-05 0
2.60164674564833E-05 0
2.61308168625743E-05 0
2.6423941531047E-05 0
2.67237260389324E-05 0
0 0
0 0
0 0
0 0
0 0
0 0
0 0
0 0
0 0
0 0
0 0
0 0
0 0
0 0
0 0
0 0
0 0
0 0
0 0
0 0
0 0
0 0
0 0
0 0
0 0
0 0
0 0
0 0
0 0
0 0
0 0
0 0
0 0
0 0
0 0
0 0
0 0
0 0
0 0
0 0
0 0
0 0
0 0
0 0
0 0
0 0
0 0
0 0
0 0
0 0
0 0
0 0
0 0
0 0
0 0
0 0
0 0
0 0
0 0
0 0
0 0
0 0
0 0
0 0
0 0
0 0
0 0
0 0
0 0
0 0
0 0
0 0
0 0
0 0
0 0
0 0
0 0
0 0
0 0
0 0
0 0
0 0
0 0
0 0
0 0
0 0
0 0
0 0
0 0
0 0
0 0
0 0
0 0
0 0
0 0
0 0
0 0
0 0
0 0
0 0
0 0
0 0
0 0
0 0
0 0
0 0
0 0
0 0
0 0
0 0
0 0
0 0
0 0
0 0
0 0
0 0
0 0
0 0
0 0
0 0
0 0
0 0
0 0
0 0
0 0
0 0
0 0
0 0
0 0
0 0
0 0
0 0
0 0
0 0
0 0
0 0
0 0
0 0
0 0
0 0
0 0
0 0
0 0
0 0
0 0
0 0
0 0
0 0
0 0
0 0
0 0
0 0
0 0
0 0
0 0
0 0
0 0
0 0
0 0
0 0
0 0
0 0
0 0
0 0
0 0
0 0
0 0
0 0
0 0
0 0
0 0
0 0
0 0
0 0
0 0
0 0
0 0
0 0
0 0
0 0
0 0
0 0
0 0
0 0
0 0
0 0
0 0
0 0
0 0
0 0
0 0
0 0
0 0
0 0
0 0
0 0
0 0
0 0
0 0
0 0
0 0
0 0
0 0
0 0
0 0
0 0
0 0
0 0
0 0
0 0
0 0
0 0
0 0
0 0
0 0
0 0
0 0
0 0
0 0
0 0
0 0
0 0
0 0
0 0
0 0
0 0
0 0
0 0
0 0
0 0
0 0
0 0
0 0
0 0
0 0
0 0
0 0
0 0
0 0
0 0
0 0
0 0
0 0
0 0
0 0
0 0
0 0
0 0
0 0
0 0
0 0
0 0
0 0
0 0
0 0
0 0
0 0
0 0
0 0
0 0
0 0
0 0
0 0
0 0
0 0
0 0
0 0
0 0
0 0
0 0
0 0
0 0
0 0
0 0
0 0
0 0
0 0
0 0
0 0
0 0
0 0
0 0
0 0
0 0
0 0
0 0
0 0
0 0
0 0
0 0
0 0
0 0
0 0
0 0
0 0
0 0
0 0
0 0
0 0
0 0
0 0
0 0
0 0
0 0
0 0
0 0
0 0
0 0
0 0
0 0
0 0
0 0
0 0
0 0
0 0
0 0
0 0
0 0
0 0
0 0
0 0
0 0
0 0
0 0
0 0
0 0
0 0
0 0
0 0
0 0
0 0
0 0
0 0
0 0
0 0
0 0
0 0
0 0
0 0
0 0
0 0
0 0
0 0
0 0
0 0
0 0
0 0
0 0
0 0
0 0
0 0
0 0
0 0
0 0
0 0
0 0
0 0
0 0
0 0
0 0
0 0
0 0
0 0
0 0
0 0
0 0
0 0
0 0
0 0
0 0
0 0
0 0
0 0
0 0
0 0
0 0
0 0
0 0
0 0
0 0
0 0
0 0
0 0
0 0
0 0
0 0
0 0
0 0
0 0
0 0
0 0
0 0
0 0
0 0
0 0
0 0
0 0
0 0
0 0
0 0
0 0
0 0
0 0
0 0
0 0
0 0
0 0
0 0
0 0
0 0
0 0
0 0
0 0
0 0
0 0
0 0
0 0
0 0
0 0
0 0
0 0
0 0
0 0
0 0
0 0
0 0
0 0
0 0
0 0
0 0
0 0
0 0
0 0
0 0
0 0
0 0
0 0
0 0
0 0
0 0
0 0
0 0
0 0
0 0
0 0
0 0
0 0
0 0
0 0
0 0
0 0
0 0
0 0
0 0
0 0
0 0
0 0
0 0
0 0
0 0
0 0
0 0
0 0
0 0
0 0
0 0
0 0
0 0
0 0
0 0
0 0
0 0
0 0
0 0
0 0
0 0
0 0
0 0
0 0
0 0
0 0
0 0
0 0
0 0
0 0
0 0
0 0
0 0
0 0
0 0
0 0
0 0
0 0
0 0
0 0
0 0
0 0
0 0
0 0
0 0
0 0
0 0
0 0
0 0
0 0
0 0
0 0
0 0
0 0
0 0
0 0
0 0
0 0
0 0
0 0
0 0
0 0
0 0
0 0
0 0
0 0
0 0
0 0
0 0
0 0
0 0
0 0
0 0
0 0
0 0
0 0
0 0
0 0
0 0
0 0
0 0
0 0
0 0
0 0
0 0
0 0
0 0
0 0
0 0
0 0
0 0
0 0
0 0
0 0
0 0
0 0
0 0
0 0
0 0
0 0
0 0
0 0
0 0
0 0
0 0
0 0
0 0
0 0
0 0
0 0
0 0
0 0
0 0
0 0
0 0
0 0
0 0
0 0
0 0
0 0
0 0
0 0
0 0
0 0
0 0
0 0
0 0
0 0
0 0
0 0
0 0
0 0
0 0
0 0
0 0
0 0
0 0
0 0
0 0
0 0
0 0
0 0
0 0
0 0
0 0
0 0
0 0
0 0
0 0
0 0
0 0
0 0
0 0
0 0
0 0
0 0
0 0
0 0
0 0
0 0
0 0
0 0
0 0
0 0
0 0
0 0
0 0
0 0
0 0
0 0
0 0
0 0
0 0
0 0
0 0
0 0
0 0
0 0
0 0
0 0
0 0
0 0
0 0
0 0
0 0
0 0
0 0
0 0
0 0
0 0
0 0
0 0
0 0
0 0
0 0
0 0
0 0
0 0
0 0
0 0
0 0
0 0
0 0
0 0
0 0
0 0
0 0
0 0
0 0
0 0
0 0
0 0
0 0
0 0
0 0
0 0
0 0
0 0
0 0
0 0
0 0
0 0
0 0
0 0
0 0
0 0
0 0
0 0
0 0
0 0
0 0
0 0
0 0
0 0
0 0
0 0
0 0
0 0
0 0
0 0
0 0
0 0
0 0
0 0
0 0
0 0
0 0
0 0
0 0
0 0
0 0
0 0
0 0
0 0
0 0
0 0
0 0
0 0
0 0
0 0
0 0
0 0
0 0
0 0
0 0
0 0
0 0
0 0
0 0
0 0
0 0
0 0
0 0
0 0
0 0
0 0
0 0
0 0
0 0
0 0
0 0
0 0
0 0
0 0
0 0
0 0
0 0
0 0
0 0
0 0
0 0
0 0
0 0
0 0
0 0
0 0
0 0
0 0
0 0
0 0
0 0
0 0
0 0
0 0
0 0
0 0
0 0
0 0
0 0
0 0
0 0
0 0
0 0
0 0
0 0
0 0
0 0
0 0
0 0
0 0
0 0
0 0
0 0
0 0
0 0
0 0
0 0
0 0
0 0
0 0
0 0
0 0
0 0
0 0
0 0
