Spectrometer
LDA~G40090129
-1
-1
88.014
0.0386
0
0 0
0 0
0 0
0 0
0 0
0 0
0 0
0 0
0 0
0 0
0 0
0 0
0 0
0 0
0 0
0 0
0 0
0 0
0 0
0 0
0 0
0 0
0 0
0 0
0 0
0 0
0 0
0 0
0 0
0 0
0 0
0 0
0 0
0 0
0 0
0 0
0 0
0 0
0 0
0 0
0 0
0 0
0 0
0 0
0 0
0 0
0 0
0 0
0 0
0 0
0 0
0 0
0 0
0 0
0 0
0 0
0 0
0 0
0 0
0 0
3.80409040257082E-05 0
3.77793459417485E-05 0
3.55324883056442E-05 0
3.65620971774601E-05 0
3.89828749449857E-05 0
3.71167137777134E-05 0
3.58902597349239E-05 0
3.57353410444084E-05 0
3.68082790142517E-05 0
3.45591875441733E-05 0
3.35191146519998E-05 0
3.32700313935555E-05 0
3.25525235193607E-05 0
3.34597358423529E-05 0
3.29591132584427E-05 0
3.43265325343291E-05 0
3.2957691701134E-05 0
3.13614045718536E-05 0
3.09914061431987E-05 0
3.2271141379104E-05 0
3.29740516413335E-05 0
3.42066447618181E-05 0
3.24690410180363E-05 0
3.18392520211604E-05 0
3.28033007326968E-05 0
3.23929457344179E-05 0
3.27359099916751E-05 0
3.48898686741723E-05 0
3.40050786492056E-05 0
3.32567958722732E-05 0
3.36008225945381E-05 0
3.29178671270717E-05 0
3.15514182487806E-05 0
3.12992290836967E-05 0
2.9953114326802E-05 0
2.91651583487251E-05 0
3.09447224533238E-05 0
3.00910920463724E-05 0
2.96976971375149E-05 0
3.09023275100688E-05 0
3.12420739687637E-05 0
2.95542931515305E-05 0
2.94800368939592E-05 0
2.97599989905268E-05 0
2.88138879968529E-05 0
2.96480752079263E-05 0
2.98812081995981E-05 0
2.95529809192809E-05 0
2.92287454417344E-05 0
2.89893186947903E-05 0
2.83746986403797E-05 0
2.82913378549185E-05 0
2.78118391624771E-05 0
2.75298639687905E-05 0
2.76849553733857E-05 0
2.80099211176394E-05 0
2.75090510764254E-05 0
2.64665058593816E-05 0
2.73325226461107E-05 0
2.70172776274227E-05 0
2.66642202772397E-05 0
2.71282733891071E-05 0
2.67540132457749E-05 0
2.55949561732777E-05 0
2.54954607679477E-05 0
2.59525696129518E-05 0
2.62743499399774E-05 0
2.60301500223567E-05 0
2.56061498055219E-05 0
2.49644009084567E-05 0
2.45004996440047E-05 0
2.42672570560481E-05 0
2.40164757734688E-05 0
2.41260210870905E-05 0
2.43760415597227E-05 0
2.52698728109844E-05 0
2.49997595017313E-05 0
2.43132355515274E-05 0
2.41104466976822E-05 0
2.40364289156906E-05 0
2.37595055361984E-05 0
2.3610659325947E-05 0
2.37235053330948E-05 0
2.37821831541311E-05 0
2.37638953306205E-05 0
2.34631950048798E-05 0
2.3456981562409E-05 0
2.35609218787802E-05 0
2.41075570021908E-05 0
2.41108284586479E-05 0
2.4000602366867E-05 0
2.41373496963439E-05 0
2.41562683603533E-05 0
2.35354005887148E-05 0
2.32807656737687E-05 0
2.36409659721939E-05 0
2.37944452508707E-05 0
2.41976627451411E-05 0
2.41684499332796E-05 0
2.39568024225779E-05 0
2.39198972006478E-05 0
2.39611619239708E-05 0
2.38817398934969E-05 0
2.41873755214787E-05 0
2.3865488196862E-05 0
2.3690287190323E-05 0
2.39644752391853E-05 0
2.3932137459643E-05 0
2.4159945225125E-05 0
2.43533993937295E-05 0
2.3936616174793E-05 0
2.38679658008347E-05 0
2.3915457369073E-05 0
2.38007151466117E-05 0
2.39363895860705E-05 0
2.40783537424375E-05 0
2.42237063682514E-05 0
2.43257746734212E-05 0
2.45335424840525E-05 0
2.4331252293619E-05 0
2.41552136122116E-05 0
2.40502599823218E-05 0
2.38278774721786E-05 0
2.33837141436896E-05 0
2.35870588924227E-05 0
2.41578012090561E-05 0
2.40187930619703E-05 0
2.39949286183113E-05 0
2.43345172267085E-05 0
2.41106425944099E-05 0
2.39731033038201E-05 0
2.43069329666363E-05 0
2.43346591982355E-05 0
2.44026576173555E-05 0
2.44266037479582E-05 0
2.35825309269537E-05 0
2.33876894249356E-05 0
2.39576095543971E-05 0
2.41074693282921E-05 0
2.35691636509625E-05 0
2.35850614849297E-05 0
2.38430443213427E-05 0
2.37323405753987E-05 0
2.37613194358558E-05 0
2.3561246193091E-05 0
2.3648115134005E-05 0
2.37826035955967E-05 0
2.34957316826851E-05 0
2.30030628302916E-05 0
2.30269773848951E-05 0
2.34176041597663E-05 0
2.32445145633467E-05 0
2.3006897409073E-05 0
2.30040326671773E-05 0
2.32534841642243E-05 0
2.32129826893212E-05 0
2.31005325609206E-05 0
2.29532382707568E-05 0
2.2560746694165E-05 0
2.21961979276636E-05 0
2.17374343043068E-05 0
2.15510502923654E-05 0
2.17029358714048E-05 0
2.15531661903338E-05 0
2.16815864081911E-05 0
2.16996262951108E-05 0
2.14938659679272E-05 0
2.13291701512145E-05 0
2.11536631218334E-05 0
2.07433911370666E-05 0
2.0473457736484E-05 0
2.07432391128316E-05 0
2.05233680182878E-05 0
2.03246978650637E-05 0
2.01137700855432E-05 0
1.99450523836166E-05 0
2.00187735526769E-05 0
2.00195581820991E-05 0
1.96250088123229E-05 0
1.91912706049252E-05 0
1.93582591424665E-05 0
1.96474715781116E-05 0
1.97968975556262E-05 0
1.93390288692688E-05 0
1.89913035270312E-05 0
1.89057789496791E-05 0
1.90171911559467E-05 0
1.85871096288133E-05 0
1.81117051039688E-05 0
1.82539665491263E-05 0
1.80399267379388E-05 0
1.7880577376238E-05 0
1.77582648741794E-05 0
1.73471483519139E-05 0
1.72508332137108E-05 0
1.72550471374259E-05 0
1.70520529756618E-05 0
1.7056976927041E-05 0
1.69748849861615E-05 0
1.67906418172131E-05 0
1.67228874415022E-05 0
1.65494678007614E-05 0
1.62579645099648E-05 0
1.62305763178833E-05 0
1.62757696653744E-05 0
1.60740474042101E-05 0
1.5721056268196E-05 0
1.56479894334655E-05 0
1.57851646852855E-05 0
1.57504247378838E-05 0
1.56499886083885E-05 0
1.54998986030563E-05 0
1.55884474043592E-05 0
1.56497261751792E-05 0
1.54940773039942E-05 0
1.51462117238488E-05 0
1.52439765013261E-05 0
1.52425128118716E-05 0
1.49669800110485E-05 0
1.46164568824566E-05 0
1.46757780296564E-05 0
1.46463694187112E-05 0
1.46886986112266E-05 0
1.46091345134427E-05 0
1.46181075993128E-05 0
1.44999716219541E-05 0
1.44384357841307E-05 0
1.43932362930727E-05 0
1.42978348630791E-05 0
1.43628686015348E-05 0
1.42138083065434E-05 0
1.40612258538643E-05 0
1.41678181060707E-05 0
1.41419766212682E-05 0
1.39642237832863E-05 0
1.39005522026445E-05 0
1.38640233135036E-05 0
1.38887993073354E-05 0
1.40118957998368E-05 0
1.40053255951128E-05 0
1.39060269742514E-05 0
1.38682303999645E-05 0
1.37874835715699E-05 0
1.37197279521753E-05 0
1.37681621488476E-05 0
1.37213281000639E-05 0
1.36810884989819E-05 0
1.35587309471631E-05 0
1.35295818760191E-05 0
1.35523871603115E-05 0
1.35954868787392E-05 0
1.35386503750632E-05 0
1.34236461207415E-05 0
1.3406528789972E-05 0
1.3519354849681E-05 0
1.34539705862206E-05 0
1.34519752905393E-05 0
1.34392895461911E-05 0
1.34239864636248E-05 0
1.34462543929407E-05 0
1.33597904738774E-05 0
1.34224039940902E-05 0
1.35441000098591E-05 0
1.35004454613804E-05 0
1.34224317873427E-05 0
1.34997146405847E-05 0
1.34325878914491E-05 0
1.33637128211648E-05 0
1.34776840374889E-05 0
1.35390506447317E-05 0
1.34814093621222E-05 0
1.34608433923705E-05 0
1.34897049474493E-05 0
1.34910594174221E-05 0
1.35014658516248E-05 0
1.35376036073519E-05 0
1.36394815932788E-05 0
1.36008973889569E-05 0
1.3405240582419E-05 0
1.35130050630726E-05 0
1.36401269875107E-05 0
1.3782448621628E-05 0
1.37248104284576E-05 0
1.37398249364074E-05 0
1.36787618729083E-05 0
1.36112714150788E-05 0
1.36521833274994E-05 0
1.37100921336277E-05 0
1.37423474133006E-05 0
1.38580493353561E-05 0
1.38472486403242E-05 0
1.38402610651814E-05 0
1.39717482536133E-05 0
1.40257413501539E-05 0
1.40311009365405E-05 0
1.39161200110476E-05 0
1.3826733073856E-05 0
1.38950887823419E-05 0
1.39883579399064E-05 0
1.41102045543366E-05 0
1.41689753435227E-05 0
1.41829885254764E-05 0
1.41672116467514E-05 0
1.41778044355112E-05 0
1.42680236635237E-05 0
1.43637628760992E-05 0
1.44902908726677E-05 0
1.45359429673472E-05 0
1.45186592445749E-05 0
1.450024145895E-05 0
1.44265874943509E-05 0
1.45721444286299E-05 0
1.46566223232619E-05 0
1.46198362987757E-05 0
1.4625473227825E-05 0
1.47163002374116E-05 0
1.47405351578682E-05 0
1.47583028737558E-05 0
1.46418397330362E-05 0
1.45939127814585E-05 0
1.47425146551003E-05 0
1.47306563387384E-05 0
1.46168353648359E-05 0
1.46929961892414E-05 0
1.48124123206955E-05 0
1.49490442806325E-05 0
1.50001458380402E-05 0
1.51677549571452E-05 0
1.50920124897859E-05 0
1.49798373016038E-05 0
1.50294117237352E-05 0
1.51030635263341E-05 0
1.50198757534743E-05 0
1.50151318489293E-05 0
1.50209721087657E-05 0
1.50623596088028E-05 0
1.51155523850976E-05 0
1.52005521760056E-05 0
1.51430983913265E-05 0
1.5140025019622E-05 0
1.52167243865505E-05 0
1.51842580167926E-05 0
1.52245499976646E-05 0
1.52946240272218E-05 0
1.53431740848147E-05 0
1.53081215444109E-05 0
1.53240372458398E-05 0
1.53971304891407E-05 0
1.53016836761352E-05 0
1.51936857124008E-05 0
1.52598131560495E-05 0
1.53609588197053E-05 0
1.53363014995288E-05 0
1.54071405811497E-05 0
1.54598772273962E-05 0
1.53573277046455E-05 0
1.52591620908442E-05 0
1.53250611169078E-05 0
1.53029775973025E-05 0
1.52701161088562E-05 0
1.53692158837977E-05 0
1.53945325995696E-05 0
1.53990463854662E-05 0
1.53463829036409E-05 0
1.52980904969568E-05 0
1.52664096349872E-05 0
1.52017779556031E-05 0
1.51245381800074E-05 0
1.52390119398593E-05 0
1.52867227098828E-05 0
1.52561013087343E-05 0
1.5207067918573E-05 0
1.51337571384123E-05 0
1.51575010975583E-05 0
1.51729682424616E-05 0
1.50627988108151E-05 0
1.50679703730303E-05 0
1.50027673157285E-05 0
1.50788401920925E-05 0
1.51139782635787E-05 0
1.50630690911951E-05 0
1.51258806975591E-05 0
1.5167622294398E-05 0
1.52363040054143E-05 0
1.51934702808451E-05 0
1.51078615822372E-05 0
1.50895114926775E-05 0
1.50768792810368E-05 0
1.4979912786801E-05 0
1.49809932991324E-05 0
1.48717927141994E-05 0
1.470998038937E-05 0
1.46722603959187E-05 0
1.4720332562523E-05 0
1.47886792696903E-05 0
1.47248542751439E-05 0
1.4547280371541E-05 0
1.45086298252928E-05 0
1.44382471148662E-05 0
1.42425230960749E-05 0
1.43292697331368E-05 0
1.43018496408903E-05 0
1.41735661221861E-05 0
1.40799965608856E-05 0
1.40427810438983E-05 0
1.39964544997839E-05 0
1.39547371087434E-05 0
1.38409418360681E-05 0
1.3725957328011E-05 0
1.3676508853789E-05 0
1.35374215337132E-05 0
1.33994998718201E-05 0
1.34328019026611E-05 0
1.33713052323278E-05 0
1.33298962546613E-05 0
1.32877594960848E-05 0
1.31329373804205E-05 0
1.31278081136056E-05 0
1.30894738578058E-05 0
1.29889750555395E-05 0
1.29114608575808E-05 0
1.28597370434446E-05 0
1.27684347565005E-05 0
1.2686660858637E-05 0
1.26459887818249E-05 0
1.24871702413642E-05 0
1.22992923850851E-05 0
1.22383380313946E-05 0
1.23000198930152E-05 0
1.22272395902727E-05 0
1.21127611270162E-05 0
1.21485909081828E-05 0
1.20989425670409E-05 0
1.20379842683278E-05 0
1.19083753424522E-05 0
1.18749529793648E-05 0
1.18939326496434E-05 0
1.18462203787317E-05 0
1.18144940747189E-05 0
1.17988648690973E-05 0
1.17885620605564E-05 0
1.16850914610527E-05 0
1.16074684388761E-05 0
1.15559323499911E-05 0
1.1567967183883E-05 0
1.15141822331205E-05 0
1.14877980721787E-05 0
1.15509491409678E-05 0
1.14442594228373E-05 0
1.14347329737354E-05 0
1.14886916843188E-05 0
1.15325252427002E-05 0
1.14442199377427E-05 0
1.14224486915495E-05 0
1.1432095913449E-05 0
1.14432201980614E-05 0
1.14195505388483E-05 0
1.13269013693643E-05 0
1.13204347700337E-05 0
1.12972932248587E-05 0
1.1257585383693E-05 0
1.1200615565074E-05 0
1.11817195863461E-05 0
1.11323431803752E-05 0
1.1174538011746E-05 0
1.12459738385029E-05 0
1.12625695465234E-05 0
1.12645624962767E-05 0
1.11848511483181E-05 0
1.1107211146066E-05 0
1.11106347778255E-05 0
1.10976026314069E-05 0
1.1137458155293E-05 0
1.1077764220089E-05 0
1.10454088830337E-05 0
1.11322333298148E-05 0
1.11301352614677E-05 0
1.11169425314525E-05 0
1.11273621401872E-05 0
1.11065073613927E-05 0
1.10908672125414E-05 0
1.11035214808528E-05 0
1.11162401413189E-05 0
1.10622447514482E-05 0
1.10610197617487E-05 0
1.1090672304418E-05 0
1.11139233244489E-05 0
1.09824718100247E-05 0
1.10027212831917E-05 0
1.1070488692149E-05 0
1.10183880860692E-05 0
1.10464448983077E-05 0
1.10534119904689E-05 0
1.1068195409555E-05 0
1.10661320326225E-05 0
1.1028807308451E-05 0
1.10381338584362E-05 0
1.10505864228523E-05 0
1.10707341040473E-05 0
1.10877290456978E-05 0
1.10993728183219E-05 0
1.1114384108864E-05 0
1.11039723873947E-05 0
1.10945177260465E-05 0
1.1112510004138E-05 0
1.11544245438751E-05 0
1.11397757557194E-05 0
1.10935720792879E-05 0
1.11224639598611E-05 0
1.11347524915153E-05 0
1.11117038523366E-05 0
1.10552154045624E-05 0
1.11631511032991E-05 0
1.11924940378764E-05 0
1.11552110155356E-05 0
1.11700068029607E-05 0
1.12157559494346E-05 0
1.12288274219393E-05 0
1.11988985554155E-05 0
1.12001100557908E-05 0
1.12723785572225E-05 0
1.12586303472909E-05 0
1.12426029160804E-05 0
1.12541640850572E-05 0
1.12814591882112E-05 0
1.13207754529111E-05 0
1.13454153413915E-05 0
1.13162005936453E-05 0
1.13746496470821E-05 0
1.14258571481377E-05 0
1.13831006395785E-05 0
1.1376556454342E-05 0
1.14157944795097E-05 0
1.14607298261687E-05 0
1.14527246242198E-05 0
1.14612552360701E-05 0
1.15088692352626E-05 0
1.14853783154767E-05 0
1.15003899298046E-05 0
1.1479986783171E-05 0
1.1550919082063E-05 0
1.16112865951864E-05 0
1.16014821642507E-05 0
1.16354321423708E-05 0
1.16679409965348E-05 0
1.16355448318147E-05 0
1.16322214504956E-05 0
1.17057172280263E-05 0
1.17038698788961E-05 0
1.16843432489087E-05 0
1.17521031182064E-05 0
1.18328412636508E-05 0
1.18534424094189E-05 0
1.18508758346494E-05 0
1.18929861625669E-05 0
1.19347745750466E-05 0
1.19800950273648E-05 0
1.20253937321641E-05 0
1.2043011934952E-05 0
1.20890473832901E-05 0
1.20788568844348E-05 0
1.20222420919362E-05 0
1.20658481380415E-05 0
1.21236973776506E-05 0
1.20974227565911E-05 0
1.21293959003464E-05 0
1.21319871648945E-05 0
1.20985271694831E-05 0
1.21063122338621E-05 0
1.20791209418448E-05 0
1.21450611658049E-05 0
1.21606688452215E-05 0
1.21300435987731E-05 0
1.21218162707509E-05 0
1.2211227977924E-05 0
1.22797541968752E-05 0
1.22247009240386E-05 0
1.22162913220315E-05 0
1.22928820643733E-05 0
1.23006267767354E-05 0
1.2277508369053E-05 0
1.22712841188287E-05 0
1.22545062111278E-05 0
1.2229987380216E-05 0
1.22397334821442E-05 0
1.22543689745931E-05 0
1.22326447306443E-05 0
1.22305581259652E-05 0
1.22511836130715E-05 0
1.22869932304186E-05 0
1.23767849930079E-05 0
1.24097087326068E-05 0
1.23242178272514E-05 0
1.23103657062957E-05 0
1.22928643334126E-05 0
1.22544510827722E-05 0
1.2266826036869E-05 0
1.23104342379195E-05 0
1.23060375397721E-05 0
1.24003770102986E-05 0
1.24339390818195E-05 0
1.24211214746789E-05 0
1.25094170858858E-05 0
1.25470962919349E-05 0
1.25558425203031E-05 0
1.25580353988823E-05 0
1.26220526535554E-05 0
1.26975339213911E-05 0
1.25844529700935E-05 0
1.25614894275366E-05 0
1.26139073389395E-05 0
1.25556179260326E-05 0
1.25246220345114E-05 0
1.260568583359E-05 0
1.26759906046711E-05 0
1.27576046442335E-05 0
1.28280208311686E-05 0
1.28956702770035E-05 0
1.28563777859924E-05 0
1.28870869654328E-05 0
1.29197072411521E-05 0
1.29353911436788E-05 0
1.28610217254676E-05 0
1.28275725661834E-05 0
1.28729028652875E-05 0
1.29424826933265E-05 0
1.30353967955554E-05 0
1.29778130396675E-05 0
1.29932337087034E-05 0
1.30202706264041E-05 0
1.30007119402483E-05 0
1.2990615971964E-05 0
1.30654636018812E-05 0
1.31011934420876E-05 0
1.31020490346918E-05 0
1.31310662749766E-05 0
1.3148552739344E-05 0
1.31772265700731E-05 0
1.3195020015076E-05 0
1.33228247907994E-05 0
1.33281030400944E-05 0
1.32794486726916E-05 0
1.32471659352479E-05 0
1.32906985797635E-05 0
1.32876337583365E-05 0
1.33006453787817E-05 0
1.33291862286196E-05 0
1.33366270671468E-05 0
1.33545258207228E-05 0
1.33965386538116E-05 0
1.33673993469677E-05 0
1.33411235289016E-05 0
1.34183906277051E-05 0
1.34656077164639E-05 0
1.34964373032141E-05 0
1.34452759352735E-05 0
1.34181454471192E-05 0
1.3447551993453E-05 0
1.34155022168479E-05 0
1.3418613568751E-05 0
1.3470866263989E-05 0
1.34717804690413E-05 0
1.34922633250247E-05 0
1.34882920516874E-05 0
1.34687450609462E-05 0
1.34345478223009E-05 0
1.34513341054454E-05 0
1.34838127328865E-05 0
1.34846641877333E-05 0
1.34307109053722E-05 0
1.34222481154204E-05 0
1.34477119520981E-05 0
1.3470389369087E-05 0
1.34706620259515E-05 0
1.34806984424575E-05 0
1.34619739942909E-05 0
1.34227023593982E-05 0
1.33851825776305E-05 0
1.34210674382048E-05 0
1.34786443066379E-05 0
1.34580402018227E-05 0
1.33982673553926E-05 0
1.33628254600042E-05 0
1.33338373855763E-05 0
1.33473449796581E-05 0
1.33895270482897E-05 0
1.33930156400952E-05 0
1.33835311750572E-05 0
1.33913744603292E-05 0
1.3460574599512E-05 0
1.34282631951697E-05 0
1.34420175237855E-05 0
1.34385046480897E-05 0
1.33574692059573E-05 0
1.33075056380016E-05 0
1.32537173163003E-05 0
1.31975839996114E-05 0
1.31689608036876E-05 0
1.32370863478608E-05 0
1.33627646661071E-05 0
1.33166349521921E-05 0
1.32395464414615E-05 0
1.32544920185753E-05 0
1.32049969983842E-05 0
1.31810039870513E-05 0
1.31947416161978E-05 0
1.31600613509978E-05 0
1.32160248591797E-05 0
1.31953359009368E-05 0
1.31376427800347E-05 0
1.3097328063464E-05 0
1.30691717412967E-05 0
1.30452045676833E-05 0
1.30701903923552E-05 0
1.3074895661391E-05 0
1.30841734858507E-05 0
1.30921853069222E-05 0
1.30630163674202E-05 0
1.30806845552364E-05 0
1.30652790878088E-05 0
1.30051235572152E-05 0
1.2874127116439E-05 0
1.29053876819507E-05 0
1.29106414042835E-05 0
1.28602789519273E-05 0
1.28932892791435E-05 0
1.28889199827647E-05 0
1.28038100723907E-05 0
1.2744204725923E-05 0
1.27429100190311E-05 0
1.27381297495291E-05 0
1.27155974413144E-05 0
1.26908937993862E-05 0
1.26618848712803E-05 0
1.25661431387326E-05 0
1.24875446635672E-05 0
1.24370204414272E-05 0
1.24655619709444E-05 0
1.25262787638449E-05 0
1.25641715458542E-05 0
1.25637545084343E-05 0
1.24822951842585E-05 0
1.23915581360733E-05 0
1.23809896623447E-05 0
1.23895527214457E-05 0
1.23138534030536E-05 0
1.23076410456085E-05 0
1.23222555330322E-05 0
1.22579360044551E-05 0
1.22604007989933E-05 0
1.22241734211848E-05 0
1.21756408302283E-05 0
1.21340465300691E-05 0
1.20654792879389E-05 0
1.20635344467503E-05 0
1.21007935761334E-05 0
1.21458322349849E-05 0
1.21506789939875E-05 0
1.21559833989404E-05 0
1.21188970329912E-05 0
1.20235702865365E-05 0
1.19835884371091E-05 0
1.19365809511632E-05 0
1.18695455056189E-05 0
1.18388481755861E-05 0
1.1790245549486E-05 0
1.17558262925327E-05 0
1.17474008244368E-05 0
1.17411069017174E-05 0
1.17438374125242E-05 0
1.17320760566267E-05 0
1.17121050565909E-05 0
1.16637438437733E-05 0
1.16536863388757E-05 0
1.16414262227541E-05 0
1.1596528086875E-05 0
1.15812478198852E-05 0
1.15792796650624E-05 0
1.15603031204684E-05 0
1.15524483548618E-05 0
1.15474628702847E-05 0
1.14066520309866E-05 0
1.14144038435463E-05 0
1.1404478080815E-05 0
1.13869218066424E-05 0
1.14094072815481E-05 0
1.13637360949206E-05 0
1.13125823413908E-05 0
1.12653292811653E-05 0
1.13242652804458E-05 0
1.13290568993715E-05 0
1.13071960897465E-05 0
1.11873004176189E-05 0
1.11723558162444E-05 0
1.1150815927472E-05 0
1.11786385806193E-05 0
1.1211682778671E-05 0
1.11768457194355E-05 0
1.11079044922501E-05 0
1.109686138796E-05 0
1.10929493925618E-05 0
1.10811915859152E-05 0
1.10758323221938E-05 0
1.10522839490358E-05 0
1.1028843333984E-05 0
1.10412657730869E-05 0
1.10828639689922E-05 0
1.10954226663934E-05 0
1.11000016165771E-05 0
1.10721254700616E-05 0
1.10143752399333E-05 0
1.09394592061206E-05 0
1.09377356622E-05 0
1.08979769986098E-05 0
1.0835834641698E-05 0
1.07833252917836E-05 0
1.07563923268659E-05 0
1.08055294147367E-05 0
1.08187723423812E-05 0
1.08246368787973E-05 0
1.0804760094841E-05 0
1.08004100217007E-05 0
1.08310872110182E-05 0
1.08140147438021E-05 0
1.0826685793768E-05 0
1.08021917924666E-05 0
1.08235726916478E-05 0
1.08523664506707E-05 0
1.08386117103262E-05 0
1.07961788081793E-05 0
1.07201624853509E-05 0
1.069050298831E-05 0
1.07122747201707E-05 0
1.07442807080057E-05 0
1.07725410938625E-05 0
1.07267146370806E-05 0
1.06706818387355E-05 0
1.06449725650306E-05 0
1.06283414044441E-05 0
1.05895915507296E-05 0
1.05810311434482E-05 0
1.0590134805235E-05 0
1.05288976526083E-05 0
1.05045828157615E-05 0
1.0484409301678E-05 0
1.05201937309124E-05 0
1.05787403330376E-05 0
1.05820846351459E-05 0
1.05681050575963E-05 0
1.05554550389289E-05 0
1.05882830668161E-05 0
1.06476428770384E-05 0
1.06418682345701E-05 0
1.06060533971408E-05 0
1.05539848894446E-05 0
1.05625001732599E-05 0
1.05752579944975E-05 0
1.05282976992086E-05 0
1.05326836866018E-05 0
1.04835101434243E-05 0
1.04531545545658E-05 0
1.04288700677739E-05 0
1.04020002238816E-05 0
1.04632350335638E-05 0
1.0466712194901E-05 0
1.04873629618371E-05 0
1.05505807713198E-05 0
1.05781714493138E-05 0
1.0550406196482E-05 0
1.05104815675428E-05 0
1.04841953865883E-05 0
1.04600907835805E-05 0
1.04493936739156E-05 0
1.04174947840622E-05 0
1.03982792963151E-05 0
1.03821531722692E-05 0
1.03458446469531E-05 0
1.03634554222601E-05 0
1.04630449486555E-05 0
1.05414815177223E-05 0
1.0592126860677E-05 0
1.06531624606284E-05 0
1.06750311664595E-05 0
1.0669701429294E-05 0
1.06308388018867E-05 0
1.06091877593912E-05 0
1.05700927448875E-05 0
1.05384781674648E-05 0
1.05270903487722E-05 0
1.05842029104782E-05 0
1.0607045922706E-05 0
1.05876547822472E-05 0
1.05935983951163E-05 0
1.05977277387547E-05 0
1.06382433659497E-05 0
1.06660279464235E-05 0
1.06835528841949E-05 0
1.06847125375607E-05 0
1.06738543622288E-05 0
1.05662866757758E-05 0
1.05358731257032E-05 0
1.05720224617339E-05 0
1.0626288614178E-05 0
1.07264820418971E-05 0
1.07158825543609E-05 0
1.0748289467591E-05 0
1.08345017930746E-05 0
1.09115032675681E-05 0
1.08893197622979E-05 0
1.08980917997151E-05 0
1.09312481338397E-05 0
1.09770967905459E-05 0
1.09980160496658E-05 0
1.09063572644636E-05 0
1.08581496334065E-05 0
1.08329089131735E-05 0
1.08817333988895E-05 0
1.09634357368433E-05 0
1.10216400186493E-05 0
1.10294132662642E-05 0
1.10167712092943E-05 0
1.10249847933038E-05 0
1.10736705388738E-05 0
1.1035291145155E-05 0
1.10573751443105E-05 0
1.10737225675137E-05 0
1.11410625315917E-05 0
1.11955294306303E-05 0
1.11692828128473E-05 0
1.11235705346203E-05 0
1.11954791573552E-05 0
1.12727257392397E-05 0
1.1349304197624E-05 0
1.13641272375659E-05 0
1.13440363244453E-05 0
1.13738265545703E-05 0
1.1428471607303E-05 0
1.14270952857288E-05 0
1.13859229019671E-05 0
1.13770453097512E-05 0
1.14107579814821E-05 0
1.14715805637729E-05 0
1.14785580045046E-05 0
1.15007560806765E-05 0
1.15569385132197E-05 0
1.15921203991152E-05 0
1.16357725268678E-05 0
1.1657030163671E-05 0
1.16140881507087E-05 0
1.16444529342684E-05 0
1.16515740541528E-05 0
1.16977764345468E-05 0
1.17224659175479E-05 0
1.18136569468629E-05 0
1.18242744077124E-05 0
1.18651126881733E-05 0
1.18413756798333E-05 0
1.18169347543719E-05 0
1.18881486152729E-05 0
1.19482810199202E-05 0
1.19232402921973E-05 0
1.19861567838831E-05 0
1.20294268664147E-05 0
1.20503612040384E-05 0
1.21386985718033E-05 0
1.21786638812769E-05 0
1.21465178670451E-05 0
1.21708801254981E-05 0
1.22504063056894E-05 0
1.22773546691103E-05 0
1.23135860781843E-05 0
1.23109033794344E-05 0
1.23237120208315E-05 0
1.23546335240285E-05 0
1.24794356654344E-05 0
1.25649566571559E-05 0
1.25612924977426E-05 0
1.25576596408765E-05 0
1.26789101332504E-05 0
1.27337856016064E-05 0
1.27627941485555E-05 0
1.27668803851688E-05 0
1.28133293271124E-05 0
1.28592938274288E-05 0
1.29292823607494E-05 0
1.30046187950239E-05 0
1.31023694263376E-05 0
1.31320725144664E-05 0
1.32243821307985E-05 0
1.32892294982283E-05 0
1.32641766314871E-05 0
1.32907934821057E-05 0
1.33649909972524E-05 0
1.34607945585493E-05 0
1.34844619460014E-05 0
1.34355965958658E-05 0
1.346624709387E-05 0
1.35710225662546E-05 0
1.37152739761314E-05 0
1.3749967321199E-05 0
1.37466931039407E-05 0
1.38054801046578E-05 0
1.38692701634016E-05 0
1.39593912915327E-05 0
1.40370500816566E-05 0
1.42114277489336E-05 0
1.42886299454414E-05 0
1.43035787770798E-05 0
1.43657152808195E-05 0
1.43622182394527E-05 0
1.43869744821909E-05 0
1.44280596386187E-05 0
1.45102893178362E-05 0
1.45955070081883E-05 0
1.46226987643423E-05 0
1.46349386962724E-05 0
1.46630190337926E-05 0
1.47475533763188E-05 0
1.48806216191884E-05 0
1.48666736834943E-05 0
1.49250200906684E-05 0
1.49670727612331E-05 0
1.49956849960773E-05 0
1.50476582130661E-05 0
1.51160788361051E-05 0
1.51455678404714E-05 0
1.52612332161437E-05 0
1.53189551839073E-05 0
1.54792609152238E-05 0
1.54438648043732E-05 0
1.53912472442973E-05 0
1.54451178919418E-05 0
1.55376816723938E-05 0
1.56392121837489E-05 0
1.57689628078836E-05 0
1.57776231214506E-05 0
1.57971379367706E-05 0
1.58087899165325E-05 0
1.5901673998606E-05 0
1.59932731179217E-05 0
1.59673215523457E-05 0
1.6000850574062E-05 0
1.6008005418416E-05 0
1.60484472664716E-05 0
1.62103267340043E-05 0
1.62741297980088E-05 0
1.63467698702071E-05 0
1.64682819140511E-05 0
1.66209442201508E-05 0
1.66931586423584E-05 0
1.66571111831422E-05 0
1.66726631653211E-05 0
1.66709491314227E-05 0
1.67668445527615E-05 0
1.69547281316093E-05 0
1.71020665345016E-05 0
1.71157863283527E-05 0
1.71409496079232E-05 0
1.72083677325284E-05 0
1.72624843474722E-05 0
1.73643841819295E-05 0
1.75437480260212E-05 0
1.76716425623463E-05 0
1.77360092101917E-05 0
1.77638083110346E-05 0
1.77188189662417E-05 0
1.78601986683081E-05 0
1.79556601013444E-05 0
1.79720867654073E-05 0
1.81178367358861E-05 0
1.82022555418666E-05 0
1.82788942946063E-05 0
1.83158268042656E-05 0
1.83754287909068E-05 0
1.85000294889934E-05 0
1.85193070798975E-05 0
1.86202036246935E-05 0
1.87478575601915E-05 0
1.88905918178586E-05 0
1.90532776886377E-05 0
1.92476288647251E-05 0
1.93929427923722E-05 0
1.94817647533497E-05 0
1.94112745893054E-05 0
1.93059129952061E-05 0
1.92536750287262E-05 0
1.92190945685995E-05 0
1.93641353077763E-05 0
1.94315382275122E-05 0
1.94458168607913E-05 0
1.93504799753855E-05 0
1.91650871071242E-05 0
1.91398614494479E-05 0
1.90825828907631E-05 0
1.90748049951125E-05 0
1.90870189179134E-05 0
1.90409407717498E-05 0
1.90771074765814E-05 0
1.9075689005111E-05 0
1.89515320396022E-05 0
1.88818298307685E-05 0
1.89444000196222E-05 0
1.89911375662785E-05 0
1.88837745167483E-05 0
1.88193773754031E-05 0
1.87863089380628E-05 0
1.87665250112546E-05 0
1.87217040147905E-05 0
1.86833377378049E-05 0
1.8694799532389E-05 0
1.87034166246118E-05 0
1.87697575402273E-05 0
1.86737106681806E-05 0
1.85124855783859E-05 0
1.85364445979521E-05 0
1.86495687800445E-05 0
1.86773439567156E-05 0
1.87568156679187E-05 0
1.88641209316602E-05 0
1.87870607852947E-05 0
1.87359426649391E-05 0
1.87391808577467E-05 0
1.88559601690767E-05 0
1.89526419018661E-05 0
1.90968593146593E-05 0
1.91756489442015E-05 0
1.91358577566218E-05 0
1.91419739381228E-05 0
1.9205708935152E-05 0
1.92371096977425E-05 0
1.9348076651299E-05 0
1.93944660563734E-05 0
1.94960514719778E-05 0
1.96789746482277E-05 0
1.97318565603303E-05 0
1.97720649575161E-05 0
1.9950282864052E-05 0
1.99656586655953E-05 0
2.00113415686257E-05 0
2.01489144909417E-05 0
2.03178974447769E-05 0
2.04372848486185E-05 0
2.05866968243087E-05 0
2.06720451965675E-05 0
2.07455115885261E-05 0
2.08610068779819E-05 0
2.10713497683342E-05 0
2.12629548293582E-05 0
2.13585885396262E-05 0
2.1546777716986E-05 0
2.15338997507228E-05 0
2.16139413319625E-05 0
2.18339196702772E-05 0
2.19401649885125E-05 0
2.21172108349082E-05 0
2.21946509806982E-05 0
2.21803415282482E-05 0
2.2249815298348E-05 0
2.24686368302876E-05 0
2.27779039931311E-05 0
2.29917667532252E-05 0
2.29504585659063E-05 0
2.30852815526149E-05 0
2.32261243706356E-05 0
2.32993917371464E-05 0
2.34144402260998E-05 0
2.35500099140622E-05 0
2.36667178113966E-05 0
2.39601435680261E-05 0
2.4184500050687E-05 0
2.43836283712889E-05 0
2.45787026623745E-05 0
2.46097649561462E-05 0
2.45811305468112E-05 0
2.46648727861932E-05 0
2.49125960968047E-05 0
2.49957121648666E-05 0
2.53109792405731E-05 0
2.5454151566259E-05 0
2.54227090236744E-05 0
2.56068704760275E-05 0
2.57593904966584E-05 0
2.58624973445456E-05 0
2.59750192433813E-05 0
2.61475183447741E-05 0
2.63016697788816E-05 0
2.65258356537578E-05 0
2.67555874982827E-05 0
2.68590225870889E-05 0
2.67836491364998E-05 0
0 0
0 0
0 0
0 0
0 0
0 0
0 0
0 0
0 0
0 0
0 0
0 0
0 0
0 0
0 0
0 0
0 0
0 0
0 0
0 0
0 0
0 0
0 0
0 0
0 0
0 0
0 0
0 0
0 0
0 0
0 0
0 0
0 0
0 0
0 0
0 0
0 0
0 0
0 0
0 0
0 0
0 0
0 0
0 0
0 0
0 0
0 0
0 0
0 0
0 0
0 0
0 0
0 0
0 0
0 0
0 0
0 0
0 0
0 0
0 0
0 0
0 0
0 0
0 0
0 0
0 0
0 0
0 0
0 0
0 0
0 0
0 0
0 0
0 0
0 0
0 0
0 0
0 0
0 0
0 0
0 0
0 0
0 0
0 0
0 0
0 0
0 0
0 0
0 0
0 0
0 0
0 0
0 0
0 0
0 0
0 0
0 0
0 0
0 0
0 0
0 0
0 0
0 0
0 0
0 0
0 0
0 0
0 0
0 0
0 0
0 0
0 0
0 0
0 0
0 0
0 0
0 0
0 0
0 0
0 0
0 0
0 0
0 0
0 0
0 0
0 0
0 0
0 0
0 0
0 0
0 0
0 0
0 0
0 0
0 0
0 0
0 0
0 0
0 0
0 0
0 0
0 0
0 0
0 0
0 0
0 0
0 0
0 0
0 0
0 0
0 0
0 0
0 0
0 0
0 0
0 0
0 0
0 0
0 0
0 0
0 0
0 0
0 0
0 0
0 0
0 0
0 0
0 0
0 0
0 0
0 0
0 0
0 0
0 0
0 0
0 0
0 0
0 0
0 0
0 0
0 0
0 0
0 0
0 0
0 0
0 0
0 0
0 0
0 0
0 0
0 0
0 0
0 0
0 0
0 0
0 0
0 0
0 0
0 0
0 0
0 0
0 0
0 0
0 0
0 0
0 0
0 0
0 0
0 0
0 0
0 0
0 0
0 0
0 0
0 0
0 0
0 0
0 0
0 0
0 0
0 0
0 0
0 0
0 0
0 0
0 0
0 0
0 0
0 0
0 0
0 0
0 0
0 0
0 0
0 0
0 0
0 0
0 0
0 0
0 0
0 0
0 0
0 0
0 0
0 0
0 0
0 0
0 0
0 0
0 0
0 0
0 0
0 0
0 0
0 0
0 0
0 0
0 0
0 0
0 0
0 0
0 0
0 0
0 0
0 0
0 0
0 0
0 0
0 0
0 0
0 0
0 0
0 0
0 0
0 0
0 0
0 0
0 0
0 0
0 0
0 0
0 0
0 0
0 0
0 0
0 0
0 0
0 0
0 0
0 0
0 0
0 0
0 0
0 0
0 0
0 0
0 0
0 0
0 0
0 0
0 0
0 0
0 0
0 0
0 0
0 0
0 0
0 0
0 0
0 0
0 0
0 0
0 0
0 0
0 0
0 0
0 0
0 0
0 0
0 0
0 0
0 0
0 0
0 0
0 0
0 0
0 0
0 0
0 0
0 0
0 0
0 0
0 0
0 0
0 0
0 0
0 0
0 0
0 0
0 0
0 0
0 0
0 0
0 0
0 0
0 0
0 0
0 0
0 0
0 0
0 0
0 0
0 0
0 0
0 0
0 0
0 0
0 0
0 0
0 0
0 0
0 0
0 0
0 0
0 0
0 0
0 0
0 0
0 0
0 0
0 0
0 0
0 0
0 0
0 0
0 0
0 0
0 0
0 0
0 0
0 0
0 0
0 0
0 0
0 0
0 0
0 0
0 0
0 0
0 0
0 0
0 0
0 0
0 0
0 0
0 0
0 0
0 0
0 0
0 0
0 0
0 0
0 0
0 0
0 0
0 0
0 0
0 0
0 0
0 0
0 0
0 0
0 0
0 0
0 0
0 0
0 0
0 0
0 0
0 0
0 0
0 0
0 0
0 0
0 0
0 0
0 0
0 0
0 0
0 0
0 0
0 0
0 0
0 0
0 0
0 0
0 0
0 0
0 0
0 0
0 0
0 0
0 0
0 0
0 0
0 0
0 0
0 0
0 0
0 0
0 0
0 0
0 0
0 0
0 0
0 0
0 0
0 0
0 0
0 0
0 0
0 0
0 0
0 0
0 0
0 0
0 0
0 0
0 0
0 0
0 0
0 0
0 0
0 0
0 0
0 0
0 0
0 0
0 0
0 0
0 0
0 0
0 0
0 0
0 0
0 0
0 0
0 0
0 0
0 0
0 0
0 0
0 0
0 0
0 0
0 0
0 0
0 0
0 0
0 0
0 0
0 0
0 0
0 0
0 0
0 0
0 0
0 0
0 0
0 0
0 0
0 0
0 0
0 0
0 0
0 0
0 0
0 0
0 0
0 0
0 0
0 0
0 0
0 0
0 0
0 0
0 0
0 0
0 0
0 0
0 0
0 0
0 0
0 0
0 0
0 0
0 0
0 0
0 0
0 0
0 0
0 0
0 0
0 0
0 0
0 0
0 0
0 0
0 0
0 0
0 0
0 0
0 0
0 0
0 0
0 0
0 0
0 0
0 0
0 0
0 0
0 0
0 0
0 0
0 0
0 0
0 0
0 0
0 0
0 0
0 0
0 0
0 0
0 0
0 0
0 0
0 0
0 0
0 0
0 0
0 0
0 0
0 0
0 0
0 0
0 0
0 0
0 0
0 0
0 0
0 0
0 0
0 0
0 0
0 0
0 0
0 0
0 0
0 0
0 0
0 0
0 0
0 0
0 0
0 0
0 0
0 0
0 0
0 0
0 0
0 0
0 0
0 0
0 0
0 0
0 0
0 0
0 0
0 0
0 0
0 0
0 0
0 0
0 0
0 0
0 0
0 0
0 0
0 0
0 0
0 0
0 0
0 0
0 0
0 0
0 0
0 0
0 0
0 0
0 0
0 0
0 0
0 0
0 0
0 0
0 0
0 0
0 0
0 0
0 0
0 0
0 0
0 0
0 0
0 0
0 0
0 0
0 0
0 0
0 0
0 0
0 0
0 0
0 0
0 0
0 0
0 0
0 0
0 0
0 0
0 0
0 0
0 0
0 0
0 0
0 0
0 0
0 0
0 0
0 0
0 0
0 0
0 0
0 0
0 0
0 0
0 0
0 0
0 0
0 0
0 0
0 0
0 0
0 0
0 0
0 0
0 0
0 0
0 0
0 0
0 0
0 0
0 0
0 0
0 0
0 0
0 0
0 0
0 0
0 0
0 0
0 0
0 0
0 0
0 0
0 0
0 0
0 0
0 0
0 0
0 0
0 0
0 0
0 0
0 0
0 0
0 0
0 0
0 0
0 0
0 0
0 0
0 0
0 0
0 0
0 0
0 0
0 0
0 0
0 0
0 0
0 0
0 0
0 0
0 0
0 0
0 0
0 0
0 0
0 0
0 0
0 0
0 0
0 0
0 0
0 0
0 0
0 0
0 0
0 0
0 0
0 0
0 0
0 0
0 0
0 0
0 0
0 0
0 0
0 0
0 0
0 0
0 0
0 0
0 0
0 0
0 0
0 0
0 0
0 0
0 0
0 0
0 0
0 0
0 0
0 0
0 0
0 0
0 0
0 0
0 0
0 0
0 0
0 0
0 0
0 0
0 0
0 0
