Spectrometer
LDA~F40091283
-1
-1
64.841
0.0397
0
0 0
0 0
0 0
0 0
0 0
0 0
0 0
0 0
0 0
0 0
0 0
0 0
0 0
0 0
0 0
0 0
0 0
0 0
0 0
0 0
0 0
0 0
0 0
0 0
0 0
0 0
0 0
0 0
0 0
0 0
0 0
0 0
0 0
0 0
0 0
0 0
0 0
0 0
0 0
0 0
0 0
0 0
0 0
0 0
0 0
0 0
0 0
0 0
0 0
0 0
0 0
0 0
2.69199709253354E-05 0
2.48893101117538E-05 0
2.52165649590825E-05 0
2.59733652704727E-05 0
2.58916339629856E-05 0
2.55697955641343E-05 0
2.54922233292441E-05 0
2.49405635954193E-05 0
2.40469922371645E-05 0
2.3421141521659E-05 0
2.36990186356452E-05 0
2.431736790749E-05 0
2.33243395666932E-05 0
2.19822185755094E-05 0
2.12555051484195E-05 0
2.19599591436677E-05 0
2.26253822583671E-05 0
2.27561732437288E-05 0
2.23463361475217E-05 0
2.19880892584557E-05 0
2.21591671095176E-05 0
2.21851370294258E-05 0
2.17630288317479E-05 0
2.09408716394117E-05 0
2.07899927509592E-05 0
2.15239832224538E-05 0
2.1420385282752E-05 0
2.11460893884899E-05 0
2.14155924507527E-05 0
2.18838976729336E-05 0
2.23580067726082E-05 0
2.19941530976051E-05 0
2.15475056372899E-05 0
2.0965316753633E-05 0
2.02999323437352E-05 0
2.02913854025093E-05 0
2.02046414988335E-05 0
2.03737561013989E-05 0
2.03422810979139E-05 0
2.0293059222069E-05 0
2.02645018563072E-05 0
2.02983176275569E-05 0
1.96439646703359E-05 0
1.95976234895578E-05 0
2.0205810095682E-05 0
2.04155125646717E-05 0
1.98192816655545E-05 0
1.94991430102514E-05 0
1.9026659021168E-05 0
1.87742777615085E-05 0
1.89531410075701E-05 0
1.86865079055068E-05 0
1.8431234682929E-05 0
1.87900742181636E-05 0
1.9165717793513E-05 0
1.91800445008853E-05 0
1.86970737580989E-05 0
1.85399732478594E-05 0
1.86109142263456E-05 0
1.864516700475E-05 0
1.87088625580087E-05 0
1.79927633299703E-05 0
1.73762060414064E-05 0
1.75309791667386E-05 0
1.77655895530339E-05 0
1.78026402770786E-05 0
1.78256930896272E-05 0
1.79721727968034E-05 0
1.76006569305917E-05 0
1.73614480462859E-05 0
1.73690991306807E-05 0
1.70830714024876E-05 0
1.68850559410741E-05 0
1.68653626045586E-05 0
1.6838668425633E-05 0
1.69832000477078E-05 0
1.70821063394669E-05 0
1.71315057846644E-05 0
1.71779914731525E-05 0
1.72612202021532E-05 0
1.73557793574624E-05 0
1.73637316268238E-05 0
1.71946148192223E-05 0
1.71265761963925E-05 0
1.74417956518957E-05 0
1.7280072996227E-05 0
1.72931314084732E-05 0
1.73495173759312E-05 0
1.7239960982638E-05 0
1.7343336129941E-05 0
1.74599813271293E-05 0
1.73418941808647E-05 0
1.7675012123752E-05 0
1.78336761373771E-05 0
1.77275582616168E-05 0
1.75065587425465E-05 0
1.73789515576519E-05 0
1.72709552862553E-05 0
1.73834364816156E-05 0
1.75556070092349E-05 0
1.77434678111388E-05 0
1.76347322957095E-05 0
1.7514209266709E-05 0
1.77406024230937E-05 0
1.78149921233115E-05 0
1.77781787957092E-05 0
1.78066320671075E-05 0
1.78635125317814E-05 0
1.76194552981926E-05 0
1.74922903836058E-05 0
1.76190170031922E-05 0
1.782422852339E-05 0
1.79497091481019E-05 0
1.79057051812857E-05 0
1.80199097772445E-05 0
1.79731842130973E-05 0
1.78543024074038E-05 0
1.79603322937416E-05 0
1.81480284009023E-05 0
1.81061565544616E-05 0
1.8071657652096E-05 0
1.79753125607904E-05 0
1.80044511876423E-05 0
1.79122103881283E-05 0
1.77992245733061E-05 0
1.77604390274167E-05 0
1.77229794852802E-05 0
1.75090040628213E-05 0
1.75598406961188E-05 0
1.77471523810184E-05 0
1.76249160481169E-05 0
1.74547086763933E-05 0
1.76057318687523E-05 0
1.75743550522768E-05 0
1.78109980190552E-05 0
1.77774738077012E-05 0
1.74817346437226E-05 0
1.73415804893081E-05 0
1.75113311660031E-05 0
1.74369126788578E-05 0
1.72338408969115E-05 0
1.71930810197322E-05 0
1.69854372360416E-05 0
1.68627028154039E-05 0
1.70536732715297E-05 0
1.69238927160953E-05 0
1.68391869560186E-05 0
1.68978565761152E-05 0
1.67826183852463E-05 0
1.67692720408506E-05 0
1.67217210851078E-05 0
1.64761854146522E-05 0
1.64122149417004E-05 0
1.65166105526775E-05 0
1.64152472635026E-05 0
1.61222325231238E-05 0
1.606702896267E-05 0
1.61346883298022E-05 0
1.58702726938761E-05 0
1.56910350932798E-05 0
1.5572938585993E-05 0
1.54579005921552E-05 0
1.52824892862612E-05 0
1.51699358568363E-05 0
1.51849162388535E-05 0
1.50666952608451E-05 0
1.4927118925928E-05 0
1.48406040518169E-05 0
1.46911703253754E-05 0
1.46412062854507E-05 0
1.44536772849694E-05 0
1.42880682439679E-05 0
1.41702119313083E-05 0
1.40729521698916E-05 0
1.40226985929333E-05 0
1.40497559331853E-05 0
1.39862479557518E-05 0
1.37703482903386E-05 0
1.36502159197571E-05 0
1.35170027896651E-05 0
1.34916193634705E-05 0
1.35453080380141E-05 0
1.34517554239437E-05 0
1.32981282932871E-05 0
1.31956824489318E-05 0
1.30174082925269E-05 0
1.28786775770977E-05 0
1.28199981548281E-05 0
1.27914546838417E-05 0
1.27799478423266E-05 0
1.26910833355677E-05 0
1.25742792871324E-05 0
1.23904569586861E-05 0
1.21676424185134E-05 0
1.21025080191594E-05 0
1.20765399522473E-05 0
1.19825741744487E-05 0
1.18895889328225E-05 0
1.17673811323248E-05 0
1.1739044628052E-05 0
1.17006499114331E-05 0
1.1673170627892E-05 0
1.16021534566169E-05 0
1.15204891271122E-05 0
1.14268258070028E-05 0
1.1382779244851E-05 0
1.13651693233785E-05 0
1.12834369056274E-05 0
1.1270227877919E-05 0
1.12125204438879E-05 0
1.11451768954864E-05 0
1.11645885216093E-05 0
1.11071763000906E-05 0
1.10267372581806E-05 0
1.09867725515311E-05 0
1.10160274863315E-05 0
1.10029973067099E-05 0
1.09718718427419E-05 0
1.09644925068846E-05 0
1.09178212359782E-05 0
1.08648905159235E-05 0
1.07927200882344E-05 0
1.07886506922465E-05 0
1.0729674555675E-05 0
1.06639669884312E-05 0
1.06762980004062E-05 0
1.06821990282935E-05 0
1.06368172113226E-05 0
1.05574093608143E-05 0
1.04393467507092E-05 0
1.04844272281165E-05 0
1.04783766406175E-05 0
1.04524172455842E-05 0
1.04439712384727E-05 0
1.04627828839649E-05 0
1.03943480698404E-05 0
1.04172391676389E-05 0
1.04272505978393E-05 0
1.03405687955975E-05 0
1.02822738065269E-05 0
1.0305911472589E-05 0
1.03697126090159E-05 0
1.0311491156652E-05 0
1.02936000857551E-05 0
1.03369511285328E-05 0
1.02671861379933E-05 0
1.01983667690556E-05 0
1.02001927631451E-05 0
1.02140932239799E-05 0
1.01576931287245E-05 0
1.01597944579936E-05 0
1.01796542537412E-05 0
1.02694662829014E-05 0
1.02845637068039E-05 0
1.02308866659303E-05 0
1.02078477526112E-05 0
1.02472700508689E-05 0
1.02882937073728E-05 0
1.02740550474969E-05 0
1.02239496617599E-05 0
1.02056959904367E-05 0
1.01965776934941E-05 0
1.01916523119538E-05 0
1.01598306535956E-05 0
1.02072678318589E-05 0
1.02686177374197E-05 0
1.02821662782486E-05 0
1.03271649187454E-05 0
1.03524636894178E-05 0
1.02983045352988E-05 0
1.02468891884795E-05 0
1.02724021126129E-05 0
1.02966903817917E-05 0
1.03321825026646E-05 0
1.03499445626558E-05 0
1.03712176986592E-05 0
1.04536001694392E-05 0
1.04207827141793E-05 0
1.04668806701144E-05 0
1.05512264377967E-05 0
1.05711375463944E-05 0
1.05999258985076E-05 0
1.06691536071527E-05 0
1.0641547976237E-05 0
1.06232098254829E-05 0
1.06702016911355E-05 0
1.07179981616636E-05 0
1.06725566076682E-05 0
1.06787328700946E-05 0
1.06948059523514E-05 0
1.0736452287379E-05 0
1.07874953989854E-05 0
1.08434191642482E-05 0
1.08533356080859E-05 0
1.08708018063862E-05 0
1.08857712606923E-05 0
1.08945674866308E-05 0
1.09125225017657E-05 0
1.09676150077723E-05 0
1.10064436142213E-05 0
1.10094380480861E-05 0
1.11032263399475E-05 0
1.11267989049716E-05 0
1.11127414580166E-05 0
1.11073442501613E-05 0
1.11095888829098E-05 0
1.11370822562544E-05 0
1.11733005721752E-05 0
1.11927644201308E-05 0
1.12295046044564E-05 0
1.12455319754425E-05 0
1.1261494994681E-05 0
1.12824332547076E-05 0
1.13286944536333E-05 0
1.14039723725615E-05 0
1.14421380207549E-05 0
1.13989616506637E-05 0
1.13942463698113E-05 0
1.14546326357805E-05 0
1.14659176488339E-05 0
1.15007811147811E-05 0
1.15146023815994E-05 0
1.15168158950345E-05 0
1.14807386793674E-05 0
1.14824277761894E-05 0
1.14895428498316E-05 0
1.14961934418957E-05 0
1.14780598671319E-05 0
1.15238808321566E-05 0
1.15374559509304E-05 0
1.16443049482595E-05 0
1.1660528737766E-05 0
1.16428189273854E-05 0
1.16066251803717E-05 0
1.15532586124783E-05 0
1.15741392932772E-05 0
1.16145809949437E-05 0
1.16354321857402E-05 0
1.16661243438122E-05 0
1.17011155158147E-05 0
1.17084962886139E-05 0
1.16939872509776E-05 0
1.16745900472131E-05 0
1.16348465843452E-05 0
1.15720454084392E-05 0
1.15299919823748E-05 0
1.15440757061075E-05 0
1.1609210926221E-05 0
1.16535387617219E-05 0
1.16589699632515E-05 0
1.1669799392924E-05 0
1.1650953432635E-05 0
1.15902403249274E-05 0
1.15983832949449E-05 0
1.16208321527021E-05 0
1.15544324505264E-05 0
1.14770635911435E-05 0
1.14755465897637E-05 0
1.1507598812092E-05 0
1.15076874216337E-05 0
1.14888922786546E-05 0
1.14388556236228E-05 0
1.14034933147417E-05 0
1.1392233889387E-05 0
1.14146614303899E-05 0
1.14829371318089E-05 0
1.14491383255867E-05 0
1.1393095931657E-05 0
1.13696213006741E-05 0
1.13648498183024E-05 0
1.13750987460479E-05 0
1.13254643052747E-05 0
1.13144648273707E-05 0
1.12664175295171E-05 0
1.1209836232948E-05 0
1.12439997666141E-05 0
1.12177169789659E-05 0
1.11753177151142E-05 0
1.11194218594515E-05 0
1.10653019216441E-05 0
1.10424515633502E-05 0
1.10659037359143E-05 0
1.10658185945355E-05 0
1.10219105096507E-05 0
1.09935818467902E-05 0
1.09142503537218E-05 0
1.08701569954168E-05 0
1.08335965331202E-05 0
1.08084059657763E-05 0
1.0827183243082E-05 0
1.07638167826897E-05 0
1.06763133281737E-05 0
1.06456686718612E-05 0
1.0634476497675E-05 0
1.05730709090983E-05 0
1.05052837865351E-05 0
1.04778076728961E-05 0
1.04484314994817E-05 0
1.0426587171395E-05 0
1.03905712272301E-05 0
1.03275446275213E-05 0
1.02874794951622E-05 0
1.01971931310806E-05 0
1.01282367634914E-05 0
1.01173615414472E-05 0
1.00400127196361E-05 0
1.00127977398321E-05 0
1.00257976360252E-05 0
9.95634179232443E-06 0
9.86082152408477E-06 0
9.83337204507401E-06 0
9.82374742024599E-06 0
9.78810735465426E-06 0
9.71479644905153E-06 0
9.64565152472448E-06 0
9.58453517752701E-06 0
9.55664232947916E-06 0
9.5117504067815E-06 0
9.45195053501262E-06 0
9.432274235954E-06 0
9.43123085961301E-06 0
9.41608452927806E-06 0
9.34243603021872E-06 0
9.29498240655062E-06 0
9.25603980277394E-06 0
9.2206249231707E-06 0
9.16000741942984E-06 0
9.12678440115084E-06 0
9.12092736197928E-06 0
9.08225627906181E-06 0
9.09026385695315E-06 0
9.08084860177562E-06 0
9.04586161329455E-06 0
9.00476943205072E-06 0
8.96001337968432E-06 0
8.94642242044339E-06 0
8.90740224480239E-06 0
8.8875974021685E-06 0
8.83956779812432E-06 0
8.79629121324162E-06 0
8.77200238343951E-06 0
8.77268202736259E-06 0
8.74681526726378E-06 0
8.74912161160406E-06 0
8.76627053641094E-06 0
8.71793829283939E-06 0
8.67138853939307E-06 0
8.61110978095468E-06 0
8.57571603977119E-06 0
8.58929810836699E-06 0
8.61403270757325E-06 0
8.58747660800056E-06 0
8.59372406753575E-06 0
8.59721346436957E-06 0
8.56052214982643E-06 0
8.52547562627303E-06 0
8.52711613688853E-06 0
8.52883434776771E-06 0
8.53037705416741E-06 0
8.50753140963473E-06 0
8.4214598783253E-06 0
8.38045944977162E-06 0
8.38554829617388E-06 0
8.3978616403101E-06 0
8.40762474799559E-06 0
8.38396879133676E-06 0
8.344591330986E-06 0
8.34995713286663E-06 0
8.37987951003225E-06 0
8.35692088651021E-06 0
8.32655591976896E-06 0
8.31083550500638E-06 0
8.33798721878584E-06 0
8.39060922178827E-06 0
8.40265424608532E-06 0
8.3440497211892E-06 0
8.28259032362004E-06 0
8.26072864214897E-06 0
8.27759029956111E-06 0
8.3152925698006E-06 0
8.34718266826144E-06 0
8.34269441073313E-06 0
8.33074549313935E-06 0
8.32864261370814E-06 0
8.35992753110201E-06 0
8.37039705895611E-06 0
8.3781654264084E-06 0
8.38582440673768E-06 0
8.34784940005484E-06 0
8.28995576109379E-06 0
8.27072002497862E-06 0
8.32174014656273E-06 0
8.38252430783234E-06 0
8.39553246228637E-06 0
8.38936545771559E-06 0
8.35214277433818E-06 0
8.32011957201487E-06 0
8.28827042089072E-06 0
8.32971926351698E-06 0
8.40534465847309E-06 0
8.40089023181135E-06 0
8.38368738650879E-06 0
8.38784474234374E-06 0
8.40502043987387E-06 0
8.50440650533354E-06 0
8.51583957788357E-06 0
8.45424986398504E-06 0
8.44526873917769E-06 0
8.45139401046565E-06 0
8.47066677082467E-06 0
8.47813731753525E-06 0
8.44654780951395E-06 0
8.42024226493864E-06 0
8.42601240636406E-06 0
8.47521701729661E-06 0
8.53317269952779E-06 0
8.58090986969163E-06 0
8.57088813978572E-06 0
8.55432787742994E-06 0
8.57890753298439E-06 0
8.5901949125034E-06 0
8.63338941202228E-06 0
8.67473171133402E-06 0
8.66390187796397E-06 0
8.67840530069665E-06 0
8.66013761872443E-06 0
8.64747856806966E-06 0
8.71203489346251E-06 0
8.74118999469169E-06 0
8.73502574492588E-06 0
8.69295241837357E-06 0
8.68394766034783E-06 0
8.75880885618249E-06 0
8.83145000691506E-06 0
8.8987975140829E-06 0
8.9196174828028E-06 0
8.89958062242444E-06 0
8.88409589145059E-06 0
8.90118507905889E-06 0
8.92168496241449E-06 0
8.92457523605883E-06 0
8.90701978798531E-06 0
8.94690812473511E-06 0
8.99936970693458E-06 0
9.07777698279139E-06 0
9.12762551809632E-06 0
9.11383827889536E-06 0
9.12420987726546E-06 0
9.15638356060239E-06 0
9.20238144369467E-06 0
9.23853856247166E-06 0
9.22454450824701E-06 0
9.2722886841255E-06 0
9.27382824556441E-06 0
9.24732955611295E-06 0
9.27839287691388E-06 0
9.29501235675366E-06 0
9.30852649629542E-06 0
9.34734939994652E-06 0
9.37444686456797E-06 0
9.41333315491787E-06 0
9.46772304296725E-06 0
9.49750948058038E-06 0
9.51822446121903E-06 0
9.5598645466523E-06 0
9.57858516225706E-06 0
9.57587041617125E-06 0
9.6028782761277E-06 0
9.64953915726887E-06 0
9.65760198843901E-06 0
9.6094451362731E-06 0
9.59733529095441E-06 0
9.63866348569068E-06 0
9.72666787286744E-06 0
9.84355393814778E-06 0
9.93709457969075E-06 0
1.00046679064485E-05 0
1.00482785081293E-05 0
1.00668178328965E-05 0
1.00513424551087E-05 0
1.00367285113626E-05 0
1.00533374479622E-05 0
1.01117587743278E-05 0
1.01791350538839E-05 0
1.02671290766309E-05 0
1.03014592100667E-05 0
1.02850871436653E-05 0
1.03005557807703E-05 0
1.03679303911669E-05 0
1.04438965608415E-05 0
1.04799143513922E-05 0
1.04760725135273E-05 0
1.04417548473053E-05 0
1.04182394737449E-05 0
1.04683202612181E-05 0
1.04860090139398E-05 0
1.05049617038343E-05 0
1.05106172444999E-05 0
1.04786065157584E-05 0
1.04800769154229E-05 0
1.05178917572853E-05 0
1.05350331908004E-05 0
1.04958720902095E-05 0
1.04947539467171E-05 0
1.05413486736954E-05 0
1.05197481794587E-05 0
1.05205132613503E-05 0
1.05753806175252E-05 0
1.0637992075495E-05 0
1.06364042728121E-05 0
1.06110920565502E-05 0
1.05639976047934E-05 0
1.04693109915246E-05 0
1.03996489506728E-05 0
1.03574753296658E-05 0
1.03034877355036E-05 0
1.03323086484373E-05 0
1.03797609116132E-05 0
1.04249226843629E-05 0
1.04415817185754E-05 0
1.04369949084905E-05 0
1.03933667883388E-05 0
1.03376992598826E-05 0
1.03600154683219E-05 0
1.04239066229032E-05 0
1.04388159902314E-05 0
1.04200739088597E-05 0
1.03857567798626E-05 0
1.0320725109109E-05 0
1.0324652360613E-05 0
1.03285591217839E-05 0
1.03326433088546E-05 0
1.03206882116368E-05 0
1.02968130327514E-05 0
1.03000311771078E-05 0
1.03346549483892E-05 0
1.0336233298881E-05 0
1.02864258391248E-05 0
1.02791771242487E-05 0
1.02932081371435E-05 0
1.02923591807983E-05 0
1.03079057927913E-05 0
1.02821970723668E-05 0
1.02532532179784E-05 0
1.02301199465803E-05 0
1.02536019667682E-05 0
1.02750331537796E-05 0
1.02658184198863E-05 0
1.02227867338761E-05 0
1.0210993507031E-05 0
1.02243553270342E-05 0
1.02729485001898E-05 0
1.02965981385261E-05 0
1.03221860684731E-05 0
1.03016766109127E-05 0
1.02533776582588E-05 0
1.0235527295833E-05 0
1.02957465061472E-05 0
1.02798390326018E-05 0
1.029826872691E-05 0
1.02766382296738E-05 0
1.02167376117438E-05 0
1.01708984731188E-05 0
1.01945836364949E-05 0
1.02205172970142E-05 0
1.02136438844583E-05 0
1.0259679387147E-05 0
1.02626687755839E-05 0
1.02541298398805E-05 0
1.02611355068769E-05 0
1.02391741905394E-05 0
1.0216151759232E-05 0
1.02167718267151E-05 0
1.01799977020973E-05 0
1.01241692914027E-05 0
1.01512311770527E-05 0
1.02182344492981E-05 0
1.02283072174178E-05 0
1.01515010190759E-05 0
1.01004215507062E-05 0
1.01298460732436E-05 0
1.01813094996513E-05 0
1.02009829482391E-05 0
1.01617864362919E-05 0
1.01599211846192E-05 0
1.01643817716723E-05 0
1.01814394082646E-05 0
1.01665333147789E-05 0
1.01296857405511E-05 0
1.00653722343036E-05 0
9.99200423999594E-06 0
9.97206746516229E-06 0
1.00000754452506E-05 0
1.00323562683313E-05 0
1.00635964124941E-05 0
1.00885618452625E-05 0
1.01179603473161E-05 0
1.01026065032894E-05 0
1.00825742680236E-05 0
1.00684375032875E-05 0
1.00231504338378E-05 0
9.98021313561389E-06 0
9.95166963548235E-06 0
9.93431706393041E-06 0
9.91413068684505E-06 0
9.91316105122147E-06 0
9.94166421161181E-06 0
9.92633603526556E-06 0
9.88752639300161E-06 0
9.86349244391271E-06 0
9.87342948399786E-06 0
9.89576992665884E-06 0
9.9255891051573E-06 0
9.9218171582626E-06 0
9.87651758201309E-06 0
9.83156959264126E-06 0
9.8156037134107E-06 0
9.78120008729071E-06 0
9.76551535540979E-06 0
9.73092378338239E-06 0
9.69642849509461E-06 0
9.69888562380546E-06 0
9.72095680220542E-06 0
9.73383975272678E-06 0
9.71218878721377E-06 0
9.63965891322857E-06 0
9.60763410748395E-06 0
9.64630229372265E-06 0
9.6875868063968E-06 0
9.69703325215598E-06 0
9.68190055633579E-06 0
9.62712078705369E-06 0
9.55906904577045E-06 0
9.51724435595304E-06 0
9.49589945869046E-06 0
9.46007657884371E-06 0
9.4261191381009E-06 0
9.42221099843125E-06 0
9.39329172673969E-06 0
9.37728794259024E-06 0
9.38609563089753E-06 0
9.37245582256377E-06 0
9.33512073689317E-06 0
9.3612461747852E-06 0
9.36170340080065E-06 0
9.35008038859171E-06 0
9.31962382154363E-06 0
9.24894169732635E-06 0
9.21253986876136E-06 0
9.18604027009785E-06 0
9.15061362249439E-06 0
9.15077227848748E-06 0
9.14235558207043E-06 0
9.12896556389613E-06 0
9.10386974734888E-06 0
9.10189050417371E-06 0
9.10263373425069E-06 0
9.09099828398629E-06 0
9.0688400723459E-06 0
9.08103476331538E-06 0
9.03489060500581E-06 0
9.00188443976144E-06 0
9.01914151577457E-06 0
9.02192160223805E-06 0
8.9676796028735E-06 0
8.89159795672247E-06 0
8.83507551472247E-06 0
8.80673918070508E-06 0
8.78600845323547E-06 0
8.76422056745581E-06 0
8.75613387379519E-06 0
8.76960995605362E-06 0
8.78671507066644E-06 0
8.7731920817402E-06 0
8.71479510516701E-06 0
8.68218434427031E-06 0
8.67498914059447E-06 0
8.67778321534515E-06 0
8.66923131131627E-06 0
8.6161396236579E-06 0
8.55959197346153E-06 0
8.55585519623678E-06 0
8.55956975981789E-06 0
8.58523701030594E-06 0
8.57162717697771E-06 0
8.54908168996228E-06 0
8.54305783052494E-06 0
8.53499971558539E-06 0
8.50804031772301E-06 0
8.48893475093132E-06 0
8.44882711834839E-06 0
8.41893160831364E-06 0
8.36378668636525E-06 0
8.34629756183731E-06 0
8.33082816371413E-06 0
8.3119034583321E-06 0
8.32778289591484E-06 0
8.33464822030382E-06 0
8.31111444848729E-06 0
8.29255471729854E-06 0
8.26131336093936E-06 0
8.20590438932626E-06 0
8.17085391322736E-06 0
8.18255021053007E-06 0
8.26696391710863E-06 0
8.29602725967874E-06 0
8.2791439219547E-06 0
8.21703028020842E-06 0
8.14400246897213E-06 0
8.1059821098844E-06 0
8.10925447659914E-06 0
8.11445606644989E-06 0
8.12725202088865E-06 0
8.11795068186985E-06 0
8.12764743250578E-06 0
8.13398807873124E-06 0
8.09088468098982E-06 0
8.04938303043133E-06 0
8.05384864158449E-06 0
8.04878411437488E-06 0
8.01115387234335E-06 0
8.00904169260085E-06 0
8.00454530641024E-06 0
7.97568055954223E-06 0
7.9487718434054E-06 0
7.92558259373618E-06 0
7.89343177838403E-06 0
7.91752829373196E-06 0
7.95987933936468E-06 0
7.97540944795598E-06 0
7.95047075360178E-06 0
7.90238008303455E-06 0
7.86274063678216E-06 0
7.84584808306001E-06 0
7.86414482655844E-06 0
7.88149546872959E-06 0
7.86927870254839E-06 0
7.89116011034167E-06 0
7.90761815389904E-06 0
7.89550429028674E-06 0
7.85263870026618E-06 0
7.81637420924404E-06 0
7.76175658286066E-06 0
7.78941310539519E-06 0
7.83335462389142E-06 0
7.83893305717161E-06 0
7.81227865098848E-06 0
7.82543023379923E-06 0
7.79451822094895E-06 0
7.74247500129501E-06 0
7.71490123704413E-06 0
7.71269985680456E-06 0
7.69943837286866E-06 0
7.72185778216421E-06 0
7.75854133808632E-06 0
7.75491466797936E-06 0
7.71717724492809E-06 0
7.71880185783773E-06 0
7.70661001442127E-06 0
7.67980554507217E-06 0
7.6736587711791E-06 0
7.71388655536604E-06 0
7.7498276073446E-06 0
7.75064820202065E-06 0
7.72279185832523E-06 0
7.6897631014287E-06 0
7.65884420228367E-06 0
7.67297312305946E-06 0
7.69802076536072E-06 0
7.6945031430338E-06 0
7.66049342551339E-06 0
7.65152283889686E-06 0
7.65860638233433E-06 0
7.65963247616604E-06 0
7.64899468759492E-06 0
7.63112895041005E-06 0
7.61698291371466E-06 0
7.61172467772503E-06 0
7.60385734716521E-06 0
7.57656474908472E-06 0
7.55356173621195E-06 0
7.58540877231557E-06 0
7.66450546368945E-06 0
7.67156654075186E-06 0
7.64812004548185E-06 0
7.63619966567833E-06 0
7.63501742121858E-06 0
7.6656027176364E-06 0
7.66729021865957E-06 0
7.64496862510555E-06 0
7.65176553114853E-06 0
7.66423019226077E-06 0
7.6926499931837E-06 0
7.69881469625362E-06 0
7.70137625258241E-06 0
7.69005801424846E-06 0
7.68346058985115E-06 0
7.65181562826528E-06 0
7.66225151064181E-06 0
7.68165500682563E-06 0
7.70666828590651E-06 0
7.72453804223485E-06 0
7.72736580722627E-06 0
7.72150252213823E-06 0
7.71334431728301E-06 0
7.69183351906068E-06 0
7.70891395494093E-06 0
7.72321276732911E-06 0
7.72965216583099E-06 0
7.74142382251017E-06 0
7.75007586761888E-06 0
7.78334790620121E-06 0
7.78796217995354E-06 0
7.80540888999269E-06 0
7.84396736007647E-06 0
7.87729749401284E-06 0
7.89545460398865E-06 0
7.88471622482746E-06 0
7.88925558752103E-06 0
7.87539167897422E-06 0
7.88005002400611E-06 0
7.90539291820425E-06 0
7.91495104531399E-06 0
7.93105726421227E-06 0
7.94916244285557E-06 0
7.96887529987647E-06 0
7.98530700047288E-06 0
7.96855574472838E-06 0
7.93902681568597E-06 0
7.95624872222409E-06 0
7.99687748539754E-06 0
8.0433540824019E-06 0
8.08514559201691E-06 0
8.08615565338622E-06 0
8.05810760426499E-06 0
8.05067572718706E-06 0
8.04214766349933E-06 0
8.06878819421151E-06 0
8.108603368975E-06 0
8.13814049188076E-06 0
8.15625297068746E-06 0
8.16692927291567E-06 0
8.19653721467121E-06 0
8.19484256867856E-06 0
8.19390546164929E-06 0
8.23307304202227E-06 0
8.263602718976E-06 0
8.24537052529152E-06 0
8.25505404770541E-06 0
8.25450508967684E-06 0
8.26916577683524E-06 0
8.29742238532504E-06 0
8.30150090998723E-06 0
8.29205430386916E-06 0
8.30524002685714E-06 0
8.3246567496485E-06 0
8.33928747291181E-06 0
8.34296566907673E-06 0
8.37251234596183E-06 0
8.4232366579075E-06 0
8.42432976525389E-06 0
8.41599088216834E-06 0
8.43919511254695E-06 0
8.49354586279125E-06 0
8.55699780086354E-06 0
8.57521615789832E-06 0
8.58696757310151E-06 0
8.53263015628102E-06 0
8.55793365309547E-06 0
8.60930334804723E-06 0
8.65741459168992E-06 0
8.69772257313722E-06 0
8.7364082085799E-06 0
8.73885847178808E-06 0
8.75080516226612E-06 0
8.74612175651681E-06 0
8.74446529794243E-06 0
8.76528028541242E-06 0
8.7843538224638E-06 0
8.81380162806605E-06 0
8.8729512896438E-06 0
8.91835165656659E-06 0
8.92609682977121E-06 0
8.96368292824936E-06 0
9.0236420583606E-06 0
9.05316331497659E-06 0
9.06162330823175E-06 0
9.09118768093288E-06 0
9.13059178014416E-06 0
9.16240645545075E-06 0
9.20201070495977E-06 0
9.19742960909976E-06 0
9.19070965249105E-06 0
9.22126745257709E-06 0
9.24177480092551E-06 0
9.27801191890892E-06 0
9.33708551728153E-06 0
9.41063194370341E-06 0
9.43142366252928E-06 0
9.4274575712472E-06 0
9.43446378117601E-06 0
9.4404949586892E-06 0
9.46567986287783E-06 0
9.50020261458265E-06 0
9.54193684889065E-06 0
9.61091245834502E-06 0
9.61918488174659E-06 0
9.6160657210224E-06 0
9.65836378645485E-06 0
9.69245237709966E-06 0
9.71868098782477E-06 0
9.78845392423833E-06 0
9.86956461906119E-06 0
9.90224334073073E-06 0
9.91262126284709E-06 0
9.92560005419266E-06 0
9.9813312873142E-06 0
9.99618015645994E-06 0
1.00424108625083E-05 0
1.008710451949E-05 0
1.01090743338062E-05 0
1.01242329157037E-05 0
1.01169623710132E-05 0
1.01338531539579E-05 0
1.01531356555868E-05 0
1.02183636189969E-05 0
1.02994079600656E-05 0
1.04053509257594E-05 0
1.05047557229915E-05 0
1.05591662063008E-05 0
1.05753021281017E-05 0
1.060387335967E-05 0
1.05965382622647E-05 0
1.06170598503398E-05 0
1.06902689449368E-05 0
1.07149031514389E-05 0
1.07663101368766E-05 0
1.08113761698212E-05 0
1.08434329128838E-05 0
1.09062646677052E-05 0
1.09495749342181E-05 0
1.09815785581457E-05 0
1.1023565356604E-05 0
1.11078597125172E-05 0
1.1167361050098E-05 0
1.12256667095374E-05 0
1.12917705137216E-05 0
1.13284442017704E-05 0
1.13365579482781E-05 0
1.13960632560529E-05 0
1.14960257099014E-05 0
1.1596135848326E-05 0
1.16624838880479E-05 0
1.17674111601624E-05 0
1.1810043881044E-05 0
1.19152755077898E-05 0
1.19932029319812E-05 0
1.20861165223433E-05 0
1.22495580335496E-05 0
1.23496213817993E-05 0
1.23381328803571E-05 0
1.23418502131758E-05 0
1.24033039855049E-05 0
1.24594780463445E-05 0
1.25087299838253E-05 0
1.26191470163759E-05 0
1.27044987999911E-05 0
1.27103753694144E-05 0
1.26906946120288E-05 0
1.27211906792768E-05 0
1.27127770000448E-05 0
1.27168854221767E-05 0
1.27511889714476E-05 0
1.27666248200936E-05 0
1.27108501850416E-05 0
1.26543036416842E-05 0
1.26449261716547E-05 0
1.26317285154322E-05 0
1.25868135152078E-05 0
1.25874858167853E-05 0
1.2573735418168E-05 0
1.25471339461516E-05 0
1.2543664742159E-05 0
1.25146616280489E-05 0
1.24411484333593E-05 0
1.24053852667042E-05 0
1.23851444319222E-05 0
1.23566113356718E-05 0
1.22900346915422E-05 0
1.22684444119562E-05 0
1.22291517201352E-05 0
1.21905003220748E-05 0
1.21503705527525E-05 0
1.21324258955117E-05 0
1.21314171609379E-05 0
1.21486546104335E-05 0
1.21058539240291E-05 0
1.21113126763258E-05 0
1.20983227256164E-05 0
1.20729859999979E-05 0
1.20410837709837E-05 0
1.20519315632424E-05 0
1.20659289434946E-05 0
1.20925000616719E-05 0
1.21387234992357E-05 0
1.21513623604516E-05 0
1.21245328010296E-05 0
1.21447206479743E-05 0
1.21605898673593E-05 0
1.21927881760772E-05 0
1.22234038670302E-05 0
1.22350085058341E-05 0
1.22243026066147E-05 0
1.22326999529857E-05 0
1.22560460235082E-05 0
1.22620359943251E-05 0
1.2329463551454E-05 0
1.23445378898999E-05 0
1.23473715051029E-05 0
1.23853233752208E-05 0
1.24320662130699E-05 0
1.24907642640951E-05 0
1.2551475721421E-05 0
1.25862094544976E-05 0
1.25765284610522E-05 0
1.26143225200111E-05 0
1.2644516333268E-05 0
1.26772994145287E-05 0
1.26838108980885E-05 0
1.27099688421956E-05 0
1.2786558818398E-05 0
1.28614696481179E-05 0
1.29846040750986E-05 0
1.3069002245261E-05 0
1.31242119681599E-05 0
1.32120959125082E-05 0
1.32809667907397E-05 0
1.33256026062593E-05 0
1.33555737922578E-05 0
1.34596773960107E-05 0
1.35231572398252E-05 0
1.35717148560813E-05 0
1.35545188033287E-05 0
1.36477537787878E-05 0
1.37684558435169E-05 0
1.38425886196051E-05 0
1.38628361708462E-05 0
1.38784111707508E-05 0
1.39837729813563E-05 0
1.40975991836206E-05 0
1.4227728666249E-05 0
1.43606246860853E-05 0
1.4420007133965E-05 0
1.44379155497437E-05 0
1.44740842067319E-05 0
1.45900376680621E-05 0
1.46692248668496E-05 0
1.47419116838444E-05 0
1.48641316636477E-05 0
1.49715670611333E-05 0
1.50743070416639E-05 0
1.51282664179818E-05 0
1.51170060944021E-05 0
1.5136744365508E-05 0
1.52269827544662E-05 0
1.53219131217411E-05 0
1.54146520940014E-05 0
1.55012346451204E-05 0
1.55670493318465E-05 0
1.56758951377295E-05 0
1.57530304120781E-05 0
1.58757783286574E-05 0
1.59425332209293E-05 0
1.60071305350098E-05 0
1.6053543365136E-05 0
1.61529031598788E-05 0
1.62741346969579E-05 0
1.63543013854603E-05 0
1.64578533917667E-05 0
1.65650562633348E-05 0
1.66885621083085E-05 0
1.6783867069965E-05 0
1.68759926450645E-05 0
1.69956944646597E-05 0
1.70811916475696E-05 0
1.71984002524795E-05 0
1.72647657999598E-05 0
1.73572182556297E-05 0
1.74279283758126E-05 0
1.75198528543761E-05 0
1.76240978252286E-05 0
1.77578074871589E-05 0
1.79115388571247E-05 0
1.79286744754116E-05 0
1.80489780354577E-05 0
1.81274797477827E-05 0
1.8207536839866E-05 0
1.83367013461783E-05 0
1.8466067294954E-05 0
1.85453367935434E-05 0
1.86022031227283E-05 0
1.87408395351243E-05 0
0 0
0 0
0 0
0 0
0 0
0 0
0 0
0 0
0 0
0 0
0 0
0 0
0 0
0 0
0 0
0 0
0 0
0 0
0 0
0 0
0 0
0 0
0 0
0 0
0 0
0 0
0 0
0 0
0 0
0 0
0 0
0 0
0 0
0 0
0 0
0 0
0 0
0 0
0 0
0 0
0 0
0 0
0 0
0 0
0 0
0 0
0 0
0 0
0 0
0 0
0 0
0 0
0 0
0 0
0 0
0 0
0 0
0 0
0 0
0 0
0 0
0 0
0 0
0 0
0 0
0 0
0 0
0 0
0 0
0 0
0 0
0 0
0 0
0 0
0 0
0 0
0 0
0 0
0 0
0 0
0 0
0 0
0 0
0 0
0 0
0 0
0 0
0 0
0 0
0 0
0 0
0 0
0 0
0 0
0 0
0 0
0 0
0 0
0 0
0 0
0 0
0 0
0 0
0 0
0 0
0 0
0 0
0 0
0 0
0 0
0 0
0 0
0 0
0 0
0 0
0 0
0 0
0 0
0 0
0 0
0 0
0 0
0 0
0 0
0 0
0 0
0 0
0 0
0 0
0 0
0 0
0 0
0 0
0 0
0 0
0 0
0 0
0 0
0 0
0 0
0 0
0 0
0 0
0 0
0 0
0 0
0 0
0 0
0 0
0 0
0 0
0 0
0 0
0 0
0 0
0 0
0 0
0 0
0 0
0 0
0 0
0 0
0 0
0 0
0 0
0 0
0 0
0 0
0 0
0 0
0 0
0 0
0 0
0 0
0 0
0 0
0 0
0 0
0 0
0 0
0 0
0 0
0 0
0 0
0 0
0 0
0 0
0 0
0 0
0 0
0 0
0 0
0 0
0 0
0 0
0 0
0 0
0 0
0 0
0 0
0 0
0 0
0 0
0 0
0 0
0 0
0 0
0 0
0 0
0 0
0 0
0 0
0 0
0 0
0 0
0 0
0 0
0 0
0 0
0 0
0 0
0 0
0 0
0 0
0 0
0 0
0 0
0 0
0 0
0 0
0 0
0 0
0 0
0 0
0 0
0 0
0 0
0 0
0 0
0 0
0 0
0 0
0 0
0 0
0 0
0 0
0 0
0 0
0 0
0 0
0 0
0 0
0 0
0 0
0 0
0 0
0 0
0 0
0 0
0 0
0 0
0 0
0 0
0 0
0 0
0 0
0 0
0 0
0 0
0 0
0 0
0 0
0 0
0 0
0 0
0 0
0 0
0 0
0 0
0 0
0 0
0 0
0 0
0 0
0 0
0 0
0 0
0 0
0 0
0 0
0 0
0 0
0 0
0 0
0 0
0 0
0 0
0 0
0 0
0 0
0 0
0 0
0 0
0 0
0 0
0 0
0 0
0 0
0 0
0 0
0 0
0 0
0 0
0 0
0 0
0 0
0 0
0 0
0 0
0 0
0 0
0 0
0 0
0 0
0 0
0 0
0 0
0 0
0 0
0 0
0 0
0 0
0 0
0 0
0 0
0 0
0 0
0 0
0 0
0 0
0 0
0 0
0 0
0 0
0 0
0 0
0 0
0 0
0 0
0 0
0 0
0 0
0 0
0 0
0 0
0 0
0 0
0 0
0 0
0 0
0 0
0 0
0 0
0 0
0 0
0 0
0 0
0 0
0 0
0 0
0 0
0 0
0 0
0 0
0 0
0 0
0 0
0 0
0 0
0 0
0 0
0 0
0 0
0 0
0 0
0 0
0 0
0 0
0 0
0 0
0 0
0 0
0 0
0 0
0 0
0 0
0 0
0 0
0 0
0 0
0 0
0 0
0 0
0 0
0 0
0 0
0 0
0 0
0 0
0 0
0 0
0 0
0 0
0 0
0 0
0 0
0 0
0 0
0 0
0 0
0 0
0 0
0 0
0 0
0 0
0 0
0 0
0 0
0 0
0 0
0 0
0 0
0 0
0 0
0 0
0 0
0 0
0 0
0 0
0 0
0 0
0 0
0 0
0 0
0 0
0 0
0 0
0 0
0 0
0 0
0 0
0 0
0 0
0 0
0 0
0 0
0 0
0 0
0 0
0 0
0 0
0 0
0 0
0 0
0 0
0 0
0 0
0 0
0 0
0 0
0 0
0 0
0 0
0 0
0 0
0 0
0 0
0 0
0 0
0 0
0 0
0 0
0 0
0 0
0 0
0 0
0 0
0 0
0 0
0 0
0 0
0 0
0 0
0 0
0 0
0 0
0 0
0 0
0 0
0 0
0 0
0 0
0 0
0 0
0 0
0 0
0 0
0 0
0 0
0 0
0 0
0 0
0 0
0 0
0 0
0 0
0 0
0 0
0 0
0 0
0 0
0 0
0 0
0 0
0 0
0 0
0 0
0 0
0 0
0 0
0 0
0 0
0 0
0 0
0 0
0 0
0 0
0 0
0 0
0 0
0 0
0 0
0 0
0 0
0 0
0 0
0 0
0 0
0 0
0 0
0 0
0 0
0 0
0 0
0 0
0 0
0 0
0 0
0 0
0 0
0 0
0 0
0 0
0 0
0 0
0 0
0 0
0 0
0 0
0 0
0 0
0 0
0 0
0 0
0 0
0 0
0 0
0 0
0 0
0 0
0 0
0 0
0 0
0 0
0 0
0 0
0 0
0 0
0 0
0 0
0 0
0 0
0 0
0 0
0 0
0 0
0 0
0 0
0 0
0 0
0 0
0 0
0 0
0 0
0 0
0 0
0 0
0 0
0 0
0 0
0 0
0 0
0 0
0 0
0 0
0 0
0 0
0 0
0 0
0 0
0 0
0 0
0 0
0 0
0 0
0 0
0 0
0 0
0 0
0 0
0 0
0 0
0 0
0 0
0 0
0 0
0 0
0 0
0 0
0 0
0 0
0 0
0 0
0 0
0 0
0 0
0 0
0 0
0 0
0 0
0 0
0 0
0 0
0 0
0 0
0 0
0 0
0 0
0 0
0 0
0 0
0 0
0 0
0 0
0 0
0 0
0 0
0 0
0 0
0 0
0 0
0 0
0 0
0 0
0 0
0 0
0 0
0 0
0 0
0 0
0 0
0 0
0 0
0 0
0 0
0 0
0 0
0 0
0 0
0 0
0 0
0 0
0 0
0 0
0 0
0 0
0 0
0 0
0 0
0 0
0 0
0 0
0 0
0 0
0 0
0 0
0 0
0 0
0 0
0 0
0 0
0 0
0 0
0 0
0 0
0 0
0 0
0 0
0 0
0 0
0 0
0 0
0 0
0 0
0 0
0 0
0 0
0 0
0 0
0 0
0 0
0 0
0 0
0 0
0 0
0 0
0 0
0 0
0 0
0 0
0 0
0 0
0 0
0 0
0 0
0 0
0 0
0 0
0 0
0 0
0 0
0 0
0 0
0 0
0 0
0 0
0 0
0 0
0 0
0 0
0 0
0 0
0 0
0 0
0 0
0 0
0 0
0 0
0 0
0 0
0 0
0 0
0 0
0 0
0 0
0 0
0 0
0 0
0 0
0 0
0 0
0 0
0 0
0 0
0 0
0 0
0 0
0 0
0 0
0 0
0 0
0 0
0 0
0 0
