Spectrometer
LDA~G40090222
-1
-1
97.957
0.039
0
0 0
0 0
0 0
0 0
0 0
0 0
0 0
0 0
0 0
0 0
0 0
0 0
0 0
0 0
0 0
0 0
0 0
0 0
0 0
0 0
0 0
0 0
0 0
0 0
0 0
0 0
0 0
0 0
0 0
0 0
0 0
0 0
0 0
0 0
0 0
0 0
0 0
0 0
0 0
0 0
0 0
0 0
0 0
0 0
0 0
0 0
0 0
0 0
0 0
0 0
0 0
0 0
0 0
0 0
0 0
0 0
0 0
4.43664718679524E-05 0
4.14123035490284E-05 0
3.99672514206424E-05 0
4.29682765852213E-05 0
4.33276956062985E-05 0
4.15307319681901E-05 0
4.42014841760438E-05 0
4.46688431118568E-05 0
4.23555998252477E-05 0
4.17326175401831E-05 0
3.96147468082996E-05 0
3.71468200034765E-05 0
3.91689338902482E-05 0
4.05499469398484E-05 0
3.91919789215352E-05 0
3.9031958205963E-05 0
3.87087247610173E-05 0
3.80228772024434E-05 0
3.90975171695161E-05 0
3.81165251729816E-05 0
3.93581430446708E-05 0
3.94743086303166E-05 0
3.75205211635506E-05 0
3.7597278921069E-05 0
3.6791532293545E-05 0
3.78200499265154E-05 0
4.03464139019218E-05 0
4.07953994957548E-05 0
4.10913084233886E-05 0
4.11249484532873E-05 0
4.25840619397113E-05 0
4.15636786068722E-05 0
4.0145047761601E-05 0
4.2792727415223E-05 0
4.34197330971855E-05 0
4.16015114089157E-05 0
3.90456626389593E-05 0
3.82853207269948E-05 0
3.79672379224109E-05 0
3.82196365035555E-05 0
3.83076337307335E-05 0
3.74095909451829E-05 0
3.78678818365031E-05 0
3.77165438605543E-05 0
3.92189852622938E-05 0
3.9514124973131E-05 0
3.78338384472148E-05 0
3.73270249090635E-05 0
3.66803028382769E-05 0
3.7363096298673E-05 0
3.57841561693557E-05 0
3.3876735472485E-05 0
3.45249791920025E-05 0
3.45188716446984E-05 0
3.54861402559577E-05 0
3.61045351525443E-05 0
3.49221770372352E-05 0
3.49416599600856E-05 0
3.55727275589074E-05 0
3.44783115279252E-05 0
3.41039922806433E-05 0
3.28219542929121E-05 0
3.24082156145534E-05 0
3.17537090401256E-05 0
3.06374571732712E-05 0
3.02950538007271E-05 0
3.066018560173E-05 0
3.08787462521976E-05 0
3.08169722216625E-05 0
2.99220181035598E-05 0
2.90790812829793E-05 0
2.93767426850339E-05 0
2.8383691545033E-05 0
2.79985089226759E-05 0
2.7461229770308E-05 0
2.72761763772611E-05 0
2.75945992069543E-05 0
2.75752018581967E-05 0
2.76056156540892E-05 0
2.6957333028974E-05 0
2.69522927391E-05 0
2.70190578461975E-05 0
2.70237005315356E-05 0
2.65396355791754E-05 0
2.60181556760364E-05 0
2.62822660593012E-05 0
2.57555305231638E-05 0
2.5187454371203E-05 0
2.50781933890298E-05 0
2.53685923068098E-05 0
2.55235589208828E-05 0
2.53271804274126E-05 0
2.52662134510035E-05 0
2.51672258545359E-05 0
2.47767966112006E-05 0
2.42434275117913E-05 0
2.36086633607073E-05 0
2.35845026624237E-05 0
2.38090747381126E-05 0
2.3998099825839E-05 0
2.35446866681879E-05 0
2.33956698171351E-05 0
2.38128535172899E-05 0
2.36163244526262E-05 0
2.32337546061454E-05 0
2.30706686725001E-05 0
2.28279375228723E-05 0
2.29242742390492E-05 0
2.30306679486899E-05 0
2.29343399142602E-05 0
2.27457231744862E-05 0
2.30005747457173E-05 0
2.29076685294957E-05 0
2.25711727378697E-05 0
2.26951742448947E-05 0
2.25614389317773E-05 0
2.25693727238041E-05 0
2.25902914116672E-05 0
2.26459993887542E-05 0
2.27402404811919E-05 0
2.2967316509704E-05 0
2.29659047319798E-05 0
2.28772261369241E-05 0
2.26568614826943E-05 0
2.24025012630805E-05 0
2.2372702231338E-05 0
2.23613133254271E-05 0
2.23883860355687E-05 0
2.24639431597367E-05 0
2.25008953267622E-05 0
2.30456950864785E-05 0
2.31668280625598E-05 0
2.29082816846124E-05 0
2.29531792971795E-05 0
2.29407539435367E-05 0
2.31013574603146E-05 0
2.3212084885956E-05 0
2.31644010370167E-05 0
2.28192291138524E-05 0
2.27166886781179E-05 0
2.2972360120446E-05 0
2.34432371601875E-05 0
2.30099474612123E-05 0
2.28424759764741E-05 0
2.28699198388378E-05 0
2.31812905253331E-05 0
2.32074312213349E-05 0
2.32158828596907E-05 0
2.34887824911855E-05 0
2.34081650491513E-05 0
2.30184153613655E-05 0
2.31668421422356E-05 0
2.3444813432455E-05 0
2.33548574132722E-05 0
2.28351827628985E-05 0
2.29007859244144E-05 0
2.33605806928644E-05 0
2.34392755572274E-05 0
2.34808892098619E-05 0
2.32102327952188E-05 0
2.31005404878407E-05 0
2.32851344901755E-05 0
2.3159925321314E-05 0
2.30259410826295E-05 0
2.30007834309876E-05 0
2.26764416864254E-05 0
2.2715109192032E-05 0
2.30745135304455E-05 0
2.32522879680301E-05 0
2.31037068422107E-05 0
2.30724248040369E-05 0
2.28047458762397E-05 0
2.25137832881083E-05 0
2.24712719867206E-05 0
2.24365087331204E-05 0
2.24973929933046E-05 0
2.26151539949665E-05 0
2.2569106480416E-05 0
2.24207211316537E-05 0
2.25092558532603E-05 0
2.26174833029412E-05 0
2.23829451051931E-05 0
2.19134338896981E-05 0
2.20526044841989E-05 0
2.22295600707562E-05 0
2.21626951603509E-05 0
2.19496415946426E-05 0
2.19538951525522E-05 0
2.17892583240233E-05 0
2.15477561413795E-05 0
2.161760851317E-05 0
2.14896699191984E-05 0
2.11914271406416E-05 0
2.08245008308966E-05 0
2.07759121784997E-05 0
2.0614873148962E-05 0
2.05578754855581E-05 0
2.07354932080944E-05 0
2.05239942304067E-05 0
2.03333281980251E-05 0
2.02621458745033E-05 0
2.04037581338668E-05 0
2.0241400079466E-05 0
1.99303701801384E-05 0
1.96534742587547E-05 0
1.97365173764883E-05 0
1.97098799947742E-05 0
1.95053289861208E-05 0
1.93612611048717E-05 0
1.90907156105411E-05 0
1.90519560193847E-05 0
1.90328217109278E-05 0
1.88008186732059E-05 0
1.85794182637703E-05 0
1.83941262514806E-05 0
1.83431921437083E-05 0
1.82674126167222E-05 0
1.82828900581656E-05 0
1.81211312063299E-05 0
1.80350079940687E-05 0
1.81016473869569E-05 0
1.79620385639676E-05 0
1.75790823564091E-05 0
1.75719644237565E-05 0
1.73637432912414E-05 0
1.71248972441303E-05 0
1.7281219616224E-05 0
1.74345860083692E-05 0
1.71127915403278E-05 0
1.69061653532763E-05 0
1.67261837005015E-05 0
1.68262080614366E-05 0
1.68376736229377E-05 0
1.65245409879417E-05 0
1.63077374817178E-05 0
1.62974011248775E-05 0
1.64724800173308E-05 0
1.63230188963177E-05 0
1.61201619192103E-05 0
1.60752791960358E-05 0
1.61290591642809E-05 0
1.58749810585747E-05 0
1.57490987679573E-05 0
1.56663163700241E-05 0
1.56426290796525E-05 0
1.56060659141343E-05 0
1.54304858803683E-05 0
1.52454122232627E-05 0
1.51297601990037E-05 0
1.50262333699491E-05 0
1.50349391684497E-05 0
1.50312506910947E-05 0
1.4970240402886E-05 0
1.4846729135463E-05 0
1.47594472701085E-05 0
1.47041225143291E-05 0
1.45815434572591E-05 0
1.45593826663978E-05 0
1.46235391173224E-05 0
1.45372740179032E-05 0
1.45355986645867E-05 0
1.4513960864378E-05 0
1.44125589027346E-05 0
1.42742108871463E-05 0
1.42839995870994E-05 0
1.42647509893028E-05 0
1.41798656284025E-05 0
1.42113565079329E-05 0
1.42038082768288E-05 0
1.42025599984469E-05 0
1.41589207633066E-05 0
1.40938432336906E-05 0
1.40586119824807E-05 0
1.40489635681031E-05 0
1.39574712995108E-05 0
1.40003285244736E-05 0
1.4080430329932E-05 0
1.40232057526482E-05 0
1.4107003728493E-05 0
1.4060444007531E-05 0
1.39673113579394E-05 0
1.39346725923527E-05 0
1.38854288315383E-05 0
1.38891824641064E-05 0
1.3975192467809E-05 0
1.39397269947879E-05 0
1.39126816064683E-05 0
1.38577473559363E-05 0
1.38581541953354E-05 0
1.38329052098162E-05 0
1.38217211667435E-05 0
1.3807382134595E-05 0
1.37011914287993E-05 0
1.37413213454111E-05 0
1.37684416246371E-05 0
1.38192234725198E-05 0
1.38192840099727E-05 0
1.38445176543014E-05 0
1.38994110783803E-05 0
1.39434748687286E-05 0
1.3953990686059E-05 0
1.39987422684098E-05 0
1.40093087286305E-05 0
1.39093897867993E-05 0
1.40248967846403E-05 0
1.40952560510109E-05 0
1.40772968660011E-05 0
1.4099719675768E-05 0
1.41144437886928E-05 0
1.41761607381556E-05 0
1.41526432247371E-05 0
1.42737279191795E-05 0
1.43856542380657E-05 0
1.43508107507112E-05 0
1.43785930281438E-05 0
1.44063798079248E-05 0
1.44240379020909E-05 0
1.44728693690587E-05 0
1.45100454806834E-05 0
1.44664930304735E-05 0
1.44933075184982E-05 0
1.45642699753836E-05 0
1.46375073414451E-05 0
1.47230821900941E-05 0
1.47730501396851E-05 0
1.48531375723769E-05 0
1.48570433353393E-05 0
1.4784899604304E-05 0
1.48648255302057E-05 0
1.49481981345942E-05 0
1.50461483673631E-05 0
1.52613462147867E-05 0
1.5372184504644E-05 0
1.5335612678208E-05 0
1.54788209198508E-05 0
1.56385114637978E-05 0
1.5510534870155E-05 0
1.54994698174389E-05 0
1.55343057844559E-05 0
1.55784786183459E-05 0
1.56610267873982E-05 0
1.57163967285322E-05 0
1.59084945197416E-05 0
1.58453352386324E-05 0
1.57528582515491E-05 0
1.58662151940626E-05 0
1.59792803824124E-05 0
1.6048928454266E-05 0
1.61699945271435E-05 0
1.61944257066884E-05 0
1.61893742430358E-05 0
1.62686848022321E-05 0
1.63845422857399E-05 0
1.64094697680128E-05 0
1.64039422911331E-05 0
1.65191588475938E-05 0
1.68032142693836E-05 0
1.6814224502135E-05 0
1.66972861658617E-05 0
1.67974784710284E-05 0
1.68779810232917E-05 0
1.70195512726588E-05 0
1.70540429019857E-05 0
1.70927487060406E-05 0
1.71442810512515E-05 0
1.70948738023204E-05 0
1.719102910385E-05 0
1.73393126385435E-05 0
1.73686792723395E-05 0
1.73108829718923E-05 0
1.73164575192572E-05 0
1.7414521999781E-05 0
1.74408906482221E-05 0
1.74300168851358E-05 0
1.74268129359182E-05 0
1.74925262673963E-05 0
1.7630381711973E-05 0
1.77249161816272E-05 0
1.75826747795261E-05 0
1.73888883947385E-05 0
1.72436744598244E-05 0
1.72349027054423E-05 0
1.73634839163545E-05 0
1.75048300564048E-05 0
1.75717459117968E-05 0
1.76409798077219E-05 0
1.75072537779812E-05 0
1.74351006464559E-05 0
1.75055343624892E-05 0
1.75752844925015E-05 0
1.76879356997211E-05 0
1.76296311758786E-05 0
1.74886809749544E-05 0
1.74769032182456E-05 0
1.74635780237009E-05 0
1.74385870553484E-05 0
1.73575512851252E-05 0
1.73834083229376E-05 0
1.7537794621048E-05 0
1.75235295015685E-05 0
1.74773074777832E-05 0
1.75001084530325E-05 0
1.73680673188162E-05 0
1.74400692648588E-05 0
1.74560589169672E-05 0
1.74167121509381E-05 0
1.74608663477532E-05 0
1.72318898469755E-05 0
1.70577008234949E-05 0
1.71135261605567E-05 0
1.71685998401305E-05 0
1.70752890415294E-05 0
1.71007572851099E-05 0
1.71390376578297E-05 0
1.70182133603252E-05 0
1.68714185452317E-05 0
1.68342249779625E-05 0
1.68092285599397E-05 0
1.67457110459763E-05 0
1.67397147370298E-05 0
1.68138886043525E-05 0
1.67288034649116E-05 0
1.65718217394988E-05 0
1.64788721483301E-05 0
1.64383253375655E-05 0
1.64546653266086E-05 0
1.6465284106861E-05 0
1.63211813081629E-05 0
1.62990696298381E-05 0
1.63192932397012E-05 0
1.622816014174E-05 0
1.61092906788878E-05 0
1.62205260382098E-05 0
1.63303617637805E-05 0
1.62970199832477E-05 0
1.61855512934803E-05 0
1.60333153160506E-05 0
1.60745300536993E-05 0
1.61554619330022E-05 0
1.60268633406929E-05 0
1.59154935009354E-05 0
1.59160400242711E-05 0
1.57984505096724E-05 0
1.57591319948662E-05 0
1.57492720984512E-05 0
1.56938960781868E-05 0
1.57155791325124E-05 0
1.56589776626714E-05 0
1.56037218779223E-05 0
1.55723195559293E-05 0
1.54623832106303E-05 0
1.54771787123181E-05 0
1.55509343976648E-05 0
1.56322428108804E-05 0
1.55383695366072E-05 0
1.55018908661486E-05 0
1.54727645367382E-05 0
1.54630735846725E-05 0
1.54412755648907E-05 0
1.53979942626178E-05 0
1.53728470976101E-05 0
1.53185057720009E-05 0
1.52878988477152E-05 0
1.53429614237116E-05 0
1.533079253506E-05 0
1.51749825740834E-05 0
1.50874535198584E-05 0
1.50568154864248E-05 0
1.50312425791004E-05 0
1.5058448457157E-05 0
1.50677912859879E-05 0
1.50534204693085E-05 0
1.50259703988457E-05 0
1.49154762316881E-05 0
1.47975813444324E-05 0
1.4668635933597E-05 0
1.46608479800406E-05 0
1.46517683674171E-05 0
1.45761290283685E-05 0
1.46619166703547E-05 0
1.47783911127382E-05 0
1.48015940769995E-05 0
1.47918484118856E-05 0
1.46521768961481E-05 0
1.45871078238705E-05 0
1.46150603817269E-05 0
1.45610143131901E-05 0
1.45610865648104E-05 0
1.46084540027965E-05 0
1.45434732092412E-05 0
1.44959331771207E-05 0
1.44935538839367E-05 0
1.45485866957546E-05 0
1.46158862810876E-05 0
1.45298322986537E-05 0
1.44119158521293E-05 0
1.44021308388118E-05 0
1.43662715692535E-05 0
1.43610840513576E-05 0
1.43066332917494E-05 0
1.42965992434556E-05 0
1.43616680343766E-05 0
1.43407678649965E-05 0
1.43171678608451E-05 0
1.43583569005901E-05 0
1.43713796905483E-05 0
1.43642130862902E-05 0
1.43201946055067E-05 0
1.42048113256172E-05 0
1.40684263654768E-05 0
1.40823653798082E-05 0
1.41432473889732E-05 0
1.41006150805863E-05 0
1.41454464731011E-05 0
1.41794957330412E-05 0
1.41815830409508E-05 0
1.41511394660106E-05 0
1.40763775482324E-05 0
1.40173424962884E-05 0
1.39603051853484E-05 0
1.39755750359012E-05 0
1.39721494241808E-05 0
1.40206425369467E-05 0
1.410285245579E-05 0
1.41495421570611E-05 0
1.40779383197482E-05 0
1.40457634166425E-05 0
1.39734139038515E-05 0
1.4015644553529E-05 0
1.40313018991242E-05 0
1.39889428100261E-05 0
1.39984064614337E-05 0
1.40238524174432E-05 0
1.40237200710774E-05 0
1.40715563978059E-05 0
1.41073257612339E-05 0
1.40736492443896E-05 0
1.40159016873548E-05 0
1.3968917125266E-05 0
1.39598981118133E-05 0
1.39551285734253E-05 0
1.39660578615976E-05 0
1.40184787193904E-05 0
1.40979038581546E-05 0
1.40928170685555E-05 0
1.40345431771435E-05 0
1.40824311808692E-05 0
1.41153971719348E-05 0
1.39987732433696E-05 0
1.39664367386403E-05 0
1.39753149644765E-05 0
1.40317469415762E-05 0
1.41057833662806E-05 0
1.41566985971244E-05 0
1.41473926524855E-05 0
1.41025616508761E-05 0
1.41409596896471E-05 0
1.40853406604928E-05 0
1.40235985567648E-05 0
1.40633981712827E-05 0
1.4145223658506E-05 0
1.42106305989639E-05 0
1.41246383338436E-05 0
1.4062979745744E-05 0
1.4166276135967E-05 0
1.42454636829459E-05 0
1.43037020611977E-05 0
1.43627799833361E-05 0
1.43900575635728E-05 0
1.44354912350103E-05 0
1.44786835398991E-05 0
1.44869375229735E-05 0
1.43885729113903E-05 0
1.43012957381501E-05 0
1.4303251366521E-05 0
1.43476098757775E-05 0
1.44227980379292E-05 0
1.45869532128292E-05 0
1.45615806299469E-05 0
1.44716505972166E-05 0
1.44627321070154E-05 0
1.43960654301593E-05 0
1.43941200930054E-05 0
1.44305984295099E-05 0
1.4546255955642E-05 0
1.47419507360716E-05 0
1.47916484482677E-05 0
1.48550878459498E-05 0
1.47989617385597E-05 0
1.47965275265255E-05 0
1.48358661678331E-05 0
1.48762862243776E-05 0
1.49538724384986E-05 0
1.49018880015769E-05 0
1.4875230608266E-05 0
1.49263373931395E-05 0
1.49707467576092E-05 0
1.50809281410789E-05 0
1.51648389752497E-05 0
1.52697814973093E-05 0
1.52902524571138E-05 0
1.52779708645772E-05 0
1.51138743921557E-05 0
1.5039555479426E-05 0
1.50661244441199E-05 0
1.51036359502199E-05 0
1.5127286373064E-05 0
1.51805734125722E-05 0
1.5193074024581E-05 0
1.53183348686853E-05 0
1.52868295464676E-05 0
1.53511883416779E-05 0
1.54431090156271E-05 0
1.54296787758352E-05 0
1.54272215713193E-05 0
1.53411731721617E-05 0
1.52920077695137E-05 0
1.53349027629607E-05 0
1.54625452928816E-05 0
1.544630502319E-05 0
1.53657138322895E-05 0
1.53741770904539E-05 0
1.53663562400669E-05 0
1.53495291030919E-05 0
1.53685661997916E-05 0
1.54113276055965E-05 0
1.53997509119042E-05 0
1.53535616176328E-05 0
1.53066948460073E-05 0
1.52271104997894E-05 0
1.5235922459577E-05 0
1.53525479767536E-05 0
1.53665713118117E-05 0
1.5332612935829E-05 0
1.53715826839371E-05 0
1.53705304959486E-05 0
1.52691519731898E-05 0
1.52826522877303E-05 0
1.52416310176528E-05 0
1.52366017380517E-05 0
1.52473275553258E-05 0
1.53740329099572E-05 0
1.54590126717325E-05 0
1.55473834672587E-05 0
1.5564806290795E-05 0
1.54703803289392E-05 0
1.53819170319855E-05 0
1.53999197017129E-05 0
1.54619361277309E-05 0
1.54225433486863E-05 0
1.53502633262991E-05 0
1.53567400986099E-05 0
1.54021420824205E-05 0
1.55108269365141E-05 0
1.5645168559645E-05 0
1.5655545241525E-05 0
1.56885008793544E-05 0
1.56044522660456E-05 0
1.54896835937965E-05 0
1.5458836961806E-05 0
1.54994541017325E-05 0
1.55745704418928E-05 0
1.56065075606112E-05 0
1.56615195294251E-05 0
1.57285347483157E-05 0
1.57798380973126E-05 0
1.57706842772536E-05 0
1.57440266401632E-05 0
1.5765477846014E-05 0
1.57412529190464E-05 0
1.57421775914264E-05 0
1.57704860953207E-05 0
1.57757639376957E-05 0
1.58280198682205E-05 0
1.58766816072893E-05 0
1.58267958694233E-05 0
1.58334479493107E-05 0
1.58347721688376E-05 0
1.59180583386784E-05 0
1.60074732073782E-05 0
1.59758756601596E-05 0
1.59358640178615E-05 0
1.58689509315091E-05 0
1.59014536174801E-05 0
1.59560364700198E-05 0
1.59976979586979E-05 0
1.60602270259204E-05 0
1.61018724715173E-05 0
1.61222150599294E-05 0
1.59963095291427E-05 0
1.59543425336279E-05 0
1.5841679305667E-05 0
1.58803839387421E-05 0
1.59709851359291E-05 0
1.59560900964598E-05 0
1.6009631660325E-05 0
1.60437484537961E-05 0
1.60354169928119E-05 0
1.59838078248585E-05 0
1.59104084327188E-05 0
1.5944613852306E-05 0
1.59459097123225E-05 0
1.59776935759627E-05 0
1.60386219065007E-05 0
1.61026756813857E-05 0
1.61143346731685E-05 0
1.60951365698197E-05 0
1.6016281529642E-05 0
1.60012849495396E-05 0
1.60273043121135E-05 0
1.60788764903069E-05 0
1.60912617018252E-05 0
1.60994296755331E-05 0
1.61351817935273E-05 0
1.60351970905581E-05 0
1.58504779157943E-05 0
1.57695420409702E-05 0
1.57746926179857E-05 0
1.57997224816924E-05 0
1.58450207410058E-05 0
1.58853571116329E-05 0
1.58671579890468E-05 0
1.58338417222337E-05 0
1.59177935380022E-05 0
1.59191694160802E-05 0
1.58760397703241E-05 0
1.58122125110031E-05 0
1.56336050784432E-05 0
1.55894355095187E-05 0
1.55892554057004E-05 0
1.55980495974955E-05 0
1.56706737962403E-05 0
1.56694230609308E-05 0
1.56986525420732E-05 0
1.57825642672788E-05 0
1.58074165489257E-05 0
1.57876712240138E-05 0
1.56503048549487E-05 0
1.55356668405212E-05 0
1.54835092989381E-05 0
1.54297972757663E-05 0
1.54240671724175E-05 0
1.54010837892628E-05 0
1.53906506222011E-05 0
1.53519798997639E-05 0
1.53055018977997E-05 0
1.53181468481377E-05 0
1.5334067866457E-05 0
1.53033496776315E-05 0
1.52546036530436E-05 0
1.52507934266042E-05 0
1.52147566533169E-05 0
1.51093513718061E-05 0
1.50595293069229E-05 0
1.50512760670714E-05 0
1.50237372785036E-05 0
1.49390810409669E-05 0
1.48688155405039E-05 0
1.48056020882596E-05 0
1.48333745543065E-05 0
1.48102213079943E-05 0
1.4782539588298E-05 0
1.48624389145979E-05 0
1.49371917575957E-05 0
1.50471507023235E-05 0
1.50517980176256E-05 0
1.49831139817652E-05 0
1.48334520331951E-05 0
1.45929216400762E-05 0
1.44578811231182E-05 0
1.44953220130919E-05 0
1.45498114460635E-05 0
1.45475534773951E-05 0
1.45226268942253E-05 0
1.44269680496026E-05 0
1.43723350888832E-05 0
1.436335352602E-05 0
1.43452957605899E-05 0
1.43146945740748E-05 0
1.42995268628591E-05 0
1.41974553927349E-05 0
1.41817336897085E-05 0
1.4181183377547E-05 0
1.41104006111817E-05 0
1.41014290131769E-05 0
1.41197708889653E-05 0
1.40813836758656E-05 0
1.40131272457203E-05 0
1.39360375083394E-05 0
1.39565988719489E-05 0
1.39507322129409E-05 0
1.38778918141849E-05 0
1.38394035785635E-05 0
1.38286679506075E-05 0
1.38613080568024E-05 0
1.38693684506014E-05 0
1.3782314249962E-05 0
1.36751779622107E-05 0
1.35747453137209E-05 0
1.34823133159497E-05 0
1.35277661092733E-05 0
1.34556476639064E-05 0
1.34878105357315E-05 0
1.36069247469801E-05 0
1.35314927921075E-05 0
1.34554474392303E-05 0
1.3450190253338E-05 0
1.33536681974062E-05 0
1.32821288406615E-05 0
1.32174722451009E-05 0
1.32345007041036E-05 0
1.32664988679316E-05 0
1.33071543605727E-05 0
1.32962267483771E-05 0
1.3254081652031E-05 0
1.32052760950964E-05 0
1.32036049766385E-05 0
1.31757054906079E-05 0
1.3138263651653E-05 0
1.31326030558368E-05 0
1.30470657772155E-05 0
1.29733156953554E-05 0
1.29325583836933E-05 0
1.28784626955367E-05 0
1.28597709756978E-05 0
1.28153339099802E-05 0
1.2903343419882E-05 0
1.29928090142461E-05 0
1.29570659074833E-05 0
1.28409640146223E-05 0
1.27770846524102E-05 0
1.27127399766913E-05 0
1.2674569005358E-05 0
1.27282241849895E-05 0
1.2726914920873E-05 0
1.26973613055698E-05 0
1.26932488230588E-05 0
1.26454240619852E-05 0
1.2569664838856E-05 0
1.25578670678103E-05 0
1.2610503658332E-05 0
1.26856209868264E-05 0
1.27001475151455E-05 0
1.26876744280366E-05 0
1.2614573815124E-05 0
1.25705101597994E-05 0
1.2529437667359E-05 0
1.24545490275651E-05 0
1.24437753730674E-05 0
1.24376547768921E-05 0
1.2419735208562E-05 0
1.23890057587436E-05 0
1.2331744772221E-05 0
1.22791209179864E-05 0
1.22656239719945E-05 0
1.2214536459556E-05 0
1.22225853841769E-05 0
1.2269082072115E-05 0
1.22989022888156E-05 0
1.22981696394756E-05 0
1.22644019035313E-05 0
1.21629575638123E-05 0
1.21168017463375E-05 0
1.21231797247497E-05 0
1.22019289780739E-05 0
1.22472151595786E-05 0
1.2231062542962E-05 0
1.21870575761744E-05 0
1.20985938012735E-05 0
1.21052193379756E-05 0
1.21267390429454E-05 0
1.20674681428963E-05 0
1.20376039132355E-05 0
1.20331879649312E-05 0
1.20330526155008E-05 0
1.19825559920597E-05 0
1.19644612187408E-05 0
1.19493873684332E-05 0
1.20113972969421E-05 0
1.20066311582221E-05 0
1.19400222477807E-05 0
1.19296111905691E-05 0
1.19111275581148E-05 0
1.18897024931205E-05 0
1.18780301433756E-05 0
1.18939160599598E-05 0
1.18692694266485E-05 0
1.18524682869321E-05 0
1.18313265992274E-05 0
1.1815786246341E-05 0
1.18474633473063E-05 0
1.18699334945066E-05 0
1.18155925680671E-05 0
1.17931406833345E-05 0
1.17874079903471E-05 0
1.18266753292233E-05 0
1.19088771997918E-05 0
1.1921175970619E-05 0
1.19481384908395E-05 0
1.19132073020399E-05 0
1.18677077218217E-05 0
1.18623485948731E-05 0
1.18944221317764E-05 0
1.18571654352759E-05 0
1.19124405085408E-05 0
1.19399518545115E-05 0
1.19800225910422E-05 0
1.19573847363195E-05 0
1.19421117716482E-05 0
1.19189162953577E-05 0
1.19064229782511E-05 0
1.19276875887094E-05 0
1.19673387694073E-05 0
1.1945029990229E-05 0
1.19285127207903E-05 0
1.19167804536164E-05 0
1.18895063429246E-05 0
1.18486642329896E-05 0
1.19354993906776E-05 0
1.19748897356556E-05 0
1.19554553195507E-05 0
1.18971690892083E-05 0
1.19012861094317E-05 0
1.1976074309911E-05 0
1.19452556407496E-05 0
1.20159272848834E-05 0
1.21002305492647E-05 0
1.21475408023162E-05 0
1.21831163995664E-05 0
1.21748226031392E-05 0
1.21346154837473E-05 0
1.20919227259254E-05 0
1.20343612804965E-05 0
1.19874310540192E-05 0
1.20378690589695E-05 0
1.20316947915282E-05 0
1.20660803035962E-05 0
1.20882534947135E-05 0
1.21351809590492E-05 0
1.21854091888287E-05 0
1.22358565436933E-05 0
1.23037026518915E-05 0
1.22686185738851E-05 0
1.22445134129156E-05 0
1.22188547804147E-05 0
1.21571199531986E-05 0
1.21342168816535E-05 0
1.21280229507764E-05 0
1.21447792629885E-05 0
1.22004608582265E-05 0
1.22701683883608E-05 0
1.2326551925193E-05 0
1.23772656460606E-05 0
1.24030042035701E-05 0
1.23971850087718E-05 0
1.23698038807458E-05 0
1.23695868919847E-05 0
1.23866637162517E-05 0
1.23822957222096E-05 0
1.24016278671714E-05 0
1.23678365505031E-05 0
1.23939415113607E-05 0
1.24139528323636E-05 0
1.24191306954003E-05 0
1.24342226724356E-05 0
1.24638555095292E-05 0
1.25359461725345E-05 0
1.26196439133993E-05 0
1.27372479749078E-05 0
1.28421050193037E-05 0
1.27951051920485E-05 0
1.2687745378537E-05 0
1.26895227521132E-05 0
1.26364077802104E-05 0
1.26045755477869E-05 0
1.26890797455619E-05 0
1.27529333609577E-05 0
1.28181161431626E-05 0
1.28506686606421E-05 0
1.28917521209589E-05 0
1.29245190046646E-05 0
1.29473697988663E-05 0
1.29425472905627E-05 0
1.30260311551688E-05 0
1.30469070280583E-05 0
1.2980128620596E-05 0
1.29602274866136E-05 0
1.29810947643989E-05 0
1.29734237628735E-05 0
1.30291856702011E-05 0
1.31077124337939E-05 0
1.32362717963166E-05 0
1.33339779505614E-05 0
1.33826419265754E-05 0
1.3361683926302E-05 0
1.32516522807565E-05 0
1.32520590166714E-05 0
1.32985050488408E-05 0
1.34276727292978E-05 0
1.35254600370014E-05 0
1.36066096031075E-05 0
1.36892962053899E-05 0
1.3596144605666E-05 0
1.35300323003127E-05 0
1.35212220990181E-05 0
1.36108771346454E-05 0
1.37207970521386E-05 0
1.37852255564031E-05 0
1.38734173772202E-05 0
1.38959000180318E-05 0
1.40018532826044E-05 0
1.40263956990969E-05 0
1.40359927578868E-05 0
1.40081999518242E-05 0
1.40183331680806E-05 0
1.41175182645253E-05 0
1.42215126683341E-05 0
1.43007756467417E-05 0
1.43659199611122E-05 0
1.44224245479416E-05 0
1.44597987280689E-05 0
1.44711526892344E-05 0
1.44682051228357E-05 0
1.45207579462863E-05 0
1.45821041213177E-05 0
1.45377399885734E-05 0
1.44973457454696E-05 0
1.45989088146307E-05 0
1.48056139439548E-05 0
1.49426620765584E-05 0
1.50656692467285E-05 0
1.51739234763088E-05 0
1.5116475987225E-05 0
1.50736141089019E-05 0
1.52031433671892E-05 0
1.53229911377828E-05 0
1.54244679292877E-05 0
1.55135811972665E-05 0
1.55151273001421E-05 0
1.55515463835209E-05 0
1.55568919818825E-05 0
1.54874577573608E-05 0
1.54921782925545E-05 0
1.55866291940067E-05 0
1.56705066296909E-05 0
1.58068620957556E-05 0
1.59339075204354E-05 0
1.5977545580569E-05 0
1.61483297604006E-05 0
1.63295444113853E-05 0
1.62447490987563E-05 0
1.62433940253681E-05 0
1.63491338812109E-05 0
1.63101774064103E-05 0
1.63814883210178E-05 0
1.65065006698559E-05 0
1.66932130747289E-05 0
1.67842146978212E-05 0
1.68472815598684E-05 0
1.68348435576252E-05 0
1.68041186480402E-05 0
1.68119190518765E-05 0
1.68654335613715E-05 0
1.67572622834584E-05 0
1.66940991566188E-05 0
1.6757568692288E-05 0
1.68326563655426E-05 0
1.67468070151713E-05 0
1.67140532184774E-05 0
1.66385270074273E-05 0
1.66443194099127E-05 0
1.67749446898507E-05 0
1.6833941695042E-05 0
1.68293794238179E-05 0
1.67534322162594E-05 0
1.67061421303948E-05 0
1.67116793738952E-05 0
1.6754335575702E-05 0
1.68367935092326E-05 0
1.69100129945887E-05 0
1.69929487371251E-05 0
1.70066058143538E-05 0
1.69338610618175E-05 0
1.6943263412826E-05 0
1.69352646929496E-05 0
1.69239249292929E-05 0
1.69117983631915E-05 0
1.69030192058784E-05 0
1.69580008855686E-05 0
1.69395716069958E-05 0
1.69753434352263E-05 0
1.70509615223002E-05 0
1.71876413498083E-05 0
1.72106233295335E-05 0
1.70845882507626E-05 0
1.70409780136271E-05 0
1.70407692573197E-05 0
1.70923339362428E-05 0
1.72235984830051E-05 0
1.7273353693281E-05 0
1.72576985174877E-05 0
1.72632677342985E-05 0
1.73606124406819E-05 0
1.74304747024328E-05 0
1.74449319599958E-05 0
1.74269182230211E-05 0
1.7373867627914E-05 0
1.75189314770803E-05 0
1.76889970781775E-05 0
1.77638012788096E-05 0
1.78887224467904E-05 0
1.80346110552626E-05 0
1.81136655131551E-05 0
1.80428718315187E-05 0
1.8100841927433E-05 0
1.8192970216193E-05 0
1.82099125388994E-05 0
1.83051416113579E-05 0
1.84580949643874E-05 0
1.86331328407583E-05 0
1.87584727943952E-05 0
1.87925804110108E-05 0
1.8856397707265E-05 0
1.9004126530354E-05 0
1.90224158628813E-05 0
1.89910883669076E-05 0
1.91165288194062E-05 0
1.93308016524285E-05 0
1.95810065233895E-05 0
1.98066321433403E-05 0
1.97765014047998E-05 0
1.96895527674881E-05 0
1.98262603368123E-05 0
1.99940989247241E-05 0
2.01922665345245E-05 0
2.02582485268381E-05 0
2.03801342576468E-05 0
2.05088192189304E-05 0
2.0662650881403E-05 0
2.09944285570644E-05 0
2.11906200130052E-05 0
2.11801133902072E-05 0
2.13837147861917E-05 0
2.16343963580317E-05 0
2.17280607063088E-05 0
2.16824350404715E-05 0
2.18207829882056E-05 0
2.19793952529147E-05 0
2.21686485224926E-05 0
2.24317079979079E-05 0
2.246195404015E-05 0
2.23953525295527E-05 0
2.26404302695761E-05 0
2.28086435499938E-05 0
2.2936469008155E-05 0
2.30435424217547E-05 0
2.32053978176299E-05 0
2.35989796018555E-05 0
2.37160832143083E-05 0
2.36519427068782E-05 0
2.3732109114129E-05 0
2.38774393353192E-05 0
2.41497158914927E-05 0
2.44452027686192E-05 0
2.46225397609978E-05 0
2.46681938053887E-05 0
2.47781551430221E-05 0
2.48377962633813E-05 0
2.49474517911609E-05 0
2.53768006368528E-05 0
2.57144659292051E-05 0
2.58496285661946E-05 0
2.59655817313903E-05 0
2.62141222576308E-05 0
2.63598274938018E-05 0
2.63077614989761E-05 0
2.65054573858109E-05 0
2.66942673075062E-05 0
2.70121697255833E-05 0
2.71712418124976E-05 0
2.73134207166008E-05 0
2.7383830905875E-05 0
2.75099288502032E-05 0
2.78991256268637E-05 0
2.81536009611488E-05 0
2.83748614148328E-05 0
2.86591626572637E-05 0
2.87649168120929E-05 0
2.88012409477617E-05 0
2.89919532541515E-05 0
2.93773757903175E-05 0
2.96757417016181E-05 0
2.9857796622556E-05 0
3.00458332354225E-05 0
3.01291673120915E-05 0
3.02475637971747E-05 0
3.05414768001019E-05 0
3.09374610686285E-05 0
3.10814536298406E-05 0
3.09944606496424E-05 0
3.12782478070713E-05 0
3.15761197788558E-05 0
3.16540836869685E-05 0
3.17221323159173E-05 0
3.19724608841121E-05 0
0 0
0 0
0 0
0 0
0 0
0 0
0 0
0 0
0 0
0 0
0 0
0 0
0 0
0 0
0 0
0 0
0 0
0 0
0 0
0 0
0 0
0 0
0 0
0 0
0 0
0 0
0 0
0 0
0 0
0 0
0 0
0 0
0 0
0 0
0 0
0 0
0 0
0 0
0 0
0 0
0 0
0 0
0 0
0 0
0 0
0 0
0 0
0 0
0 0
0 0
0 0
0 0
0 0
0 0
0 0
0 0
0 0
0 0
0 0
0 0
0 0
0 0
0 0
0 0
0 0
0 0
0 0
0 0
0 0
0 0
0 0
0 0
0 0
0 0
0 0
0 0
0 0
0 0
0 0
0 0
0 0
0 0
0 0
0 0
0 0
0 0
0 0
0 0
0 0
0 0
0 0
0 0
0 0
0 0
0 0
0 0
0 0
0 0
0 0
0 0
0 0
0 0
0 0
0 0
0 0
0 0
0 0
0 0
0 0
0 0
0 0
0 0
0 0
0 0
0 0
0 0
0 0
0 0
0 0
0 0
0 0
0 0
0 0
0 0
0 0
0 0
0 0
0 0
0 0
0 0
0 0
0 0
0 0
0 0
0 0
0 0
0 0
0 0
0 0
0 0
0 0
0 0
0 0
0 0
0 0
0 0
0 0
0 0
0 0
0 0
0 0
0 0
0 0
0 0
0 0
0 0
0 0
0 0
0 0
0 0
0 0
0 0
0 0
0 0
0 0
0 0
0 0
0 0
0 0
0 0
0 0
0 0
0 0
0 0
0 0
0 0
0 0
0 0
0 0
0 0
0 0
0 0
0 0
0 0
0 0
0 0
0 0
0 0
0 0
0 0
0 0
0 0
0 0
0 0
0 0
0 0
0 0
0 0
0 0
0 0
0 0
0 0
0 0
0 0
0 0
0 0
0 0
0 0
0 0
0 0
0 0
0 0
0 0
0 0
0 0
0 0
0 0
0 0
0 0
0 0
0 0
0 0
0 0
0 0
0 0
0 0
0 0
0 0
0 0
0 0
0 0
0 0
0 0
0 0
0 0
0 0
0 0
0 0
0 0
0 0
0 0
0 0
0 0
0 0
0 0
0 0
0 0
0 0
0 0
0 0
0 0
0 0
0 0
0 0
0 0
0 0
0 0
0 0
0 0
0 0
0 0
0 0
0 0
0 0
0 0
0 0
0 0
0 0
0 0
0 0
0 0
0 0
0 0
0 0
0 0
0 0
0 0
0 0
0 0
0 0
0 0
0 0
0 0
0 0
0 0
0 0
0 0
0 0
0 0
0 0
0 0
0 0
0 0
0 0
0 0
0 0
0 0
0 0
0 0
0 0
0 0
0 0
0 0
0 0
0 0
0 0
0 0
0 0
0 0
0 0
0 0
0 0
0 0
0 0
0 0
0 0
0 0
0 0
0 0
0 0
0 0
0 0
0 0
0 0
0 0
0 0
0 0
0 0
0 0
0 0
0 0
0 0
0 0
0 0
0 0
0 0
0 0
0 0
0 0
0 0
0 0
0 0
0 0
0 0
0 0
0 0
0 0
0 0
0 0
0 0
0 0
0 0
0 0
0 0
0 0
0 0
0 0
0 0
0 0
0 0
0 0
0 0
0 0
0 0
0 0
0 0
0 0
0 0
0 0
0 0
0 0
0 0
0 0
0 0
0 0
0 0
0 0
0 0
0 0
0 0
0 0
0 0
0 0
0 0
0 0
0 0
0 0
0 0
0 0
0 0
0 0
0 0
0 0
0 0
0 0
0 0
0 0
0 0
0 0
0 0
0 0
0 0
0 0
0 0
0 0
0 0
0 0
0 0
0 0
0 0
0 0
0 0
0 0
0 0
0 0
0 0
0 0
0 0
0 0
0 0
0 0
0 0
0 0
0 0
0 0
0 0
0 0
0 0
0 0
0 0
0 0
0 0
0 0
0 0
0 0
0 0
0 0
0 0
0 0
0 0
0 0
0 0
0 0
0 0
0 0
0 0
0 0
0 0
0 0
0 0
0 0
0 0
0 0
0 0
0 0
0 0
0 0
0 0
0 0
0 0
0 0
0 0
0 0
0 0
0 0
0 0
0 0
0 0
0 0
0 0
0 0
0 0
0 0
0 0
0 0
0 0
0 0
0 0
0 0
0 0
0 0
0 0
0 0
0 0
0 0
0 0
0 0
0 0
0 0
0 0
0 0
0 0
0 0
0 0
0 0
0 0
0 0
0 0
0 0
0 0
0 0
0 0
0 0
0 0
0 0
0 0
0 0
0 0
0 0
0 0
0 0
0 0
0 0
0 0
0 0
0 0
0 0
0 0
0 0
0 0
0 0
0 0
0 0
0 0
0 0
0 0
0 0
0 0
0 0
0 0
0 0
0 0
0 0
0 0
0 0
0 0
0 0
0 0
0 0
0 0
0 0
0 0
0 0
0 0
0 0
0 0
0 0
0 0
0 0
0 0
0 0
0 0
0 0
0 0
0 0
0 0
0 0
0 0
0 0
0 0
0 0
0 0
0 0
0 0
0 0
0 0
0 0
0 0
0 0
0 0
0 0
0 0
0 0
0 0
0 0
0 0
0 0
0 0
0 0
0 0
0 0
0 0
0 0
0 0
0 0
0 0
0 0
0 0
0 0
0 0
0 0
0 0
0 0
0 0
0 0
0 0
0 0
0 0
0 0
0 0
0 0
0 0
0 0
0 0
0 0
0 0
0 0
0 0
0 0
0 0
0 0
0 0
0 0
0 0
0 0
0 0
0 0
0 0
0 0
0 0
0 0
0 0
0 0
0 0
0 0
0 0
0 0
0 0
0 0
0 0
0 0
0 0
0 0
0 0
0 0
0 0
0 0
0 0
0 0
0 0
0 0
0 0
0 0
0 0
0 0
0 0
0 0
0 0
0 0
0 0
0 0
0 0
0 0
0 0
0 0
0 0
0 0
0 0
0 0
0 0
0 0
0 0
0 0
0 0
0 0
0 0
0 0
0 0
0 0
0 0
0 0
0 0
0 0
0 0
0 0
0 0
0 0
0 0
0 0
0 0
0 0
0 0
0 0
0 0
0 0
0 0
0 0
0 0
0 0
0 0
0 0
0 0
0 0
0 0
0 0
0 0
0 0
0 0
0 0
0 0
0 0
0 0
0 0
0 0
0 0
0 0
0 0
0 0
0 0
0 0
0 0
0 0
0 0
0 0
0 0
0 0
0 0
0 0
0 0
0 0
0 0
0 0
0 0
0 0
0 0
0 0
0 0
0 0
0 0
0 0
0 0
0 0
0 0
0 0
0 0
0 0
0 0
0 0
0 0
0 0
0 0
0 0
0 0
0 0
0 0
0 0
0 0
0 0
0 0
0 0
0 0
0 0
0 0
0 0
0 0
0 0
0 0
0 0
0 0
0 0
0 0
0 0
0 0
0 0
0 0
0 0
0 0
0 0
0 0
0 0
0 0
0 0
0 0
0 0
0 0
0 0
0 0
0 0
0 0
0 0
0 0
0 0
0 0
0 0
0 0
0 0
